S1,S2,S3,S4,S5,S6,S7,S8,S9,S10,S11,S12,S13,S14,S15,S16,S17,S18,S19,S20,S21,S22,S23,S24,S25,S26,S27,S28,S29,t,Exercise,ExerciseMode
"(-7781.0, -7215.0]","(-10486.0, -9293.5]","(-18702.2, -17825.25]","(-11681.4, -10553.8]","(-11919.8, -10416.25]","(-26354.3, -26086.2]","(-298.2, 1382.6]","(20033.4, 21625.1]","(-4193.3, -1350.2]","(4345.3, 6393.25]","(-1487.0, 1000.2]","(-13336.65, -11211.6]","(-14069.4, -13003.0]","(-1678.7, 249.25]","(-20085.0, -19039.75]","(-32691.2, -32690.8]","(-19690.75, -18481.7]","(-12309.2, -10820.6]","(-11073.8, -9181.4]","(-28945.7, -28669.6]","(-18170.4, -17461.1]","(31832.3, 32767.0]","(-8268.6, -7933.25]","(-21807.234, -20469.3]","(-6371.4, -4607.6]","(-23083.25, -21921.9]","(-19426.55, -18585.4]","(-22906.72, -21799.0]","(17141.0, 18391.8]",0.0,2,0
"(-7781.0, -7215.0]","(-10486.0, -9293.5]","(-18702.2, -17825.25]","(-11681.4, -10553.8]","(-11919.8, -10416.25]","(-26354.3, -26086.2]","(-298.2, 1382.6]","(20033.4, 21625.1]","(-4193.3, -1350.2]","(4345.3, 6393.25]","(-1487.0, 1000.2]","(-13336.65, -11211.6]","(-14069.4, -13003.0]","(-1678.7, 249.25]","(-20085.0, -19039.75]","(-32690.4, -32690.0]","(-19690.75, -18481.7]","(-12309.2, -10820.6]","(-11073.8, -9181.4]","(-28945.7, -28669.6]","(-18170.4, -17461.1]","(31832.3, 32767.0]","(-8268.6, -7933.25]","(-21807.234, -20469.3]","(-6371.4, -4607.6]","(-23083.25, -21921.9]","(-19426.55, -18585.4]","(-22906.72, -21799.0]","(17141.0, 18391.8]",0.03,2,0
"(-7781.0, -7215.0]","(-10486.0, -9293.5]","(-18702.2, -17825.25]","(-11681.4, -10553.8]","(-11919.8, -10416.25]","(-26354.3, -26086.2]","(-298.2, 1382.6]","(20033.4, 21625.1]","(-4193.3, -1350.2]","(4345.3, 6393.25]","(-1487.0, 1000.2]","(-13336.65, -11211.6]","(-14069.4, -13003.0]","(-1678.7, 249.25]","(-20085.0, -19039.75]","(-32692.4, -32692.0]","(-19690.75, -18481.7]","(-12309.2, -10820.6]","(-11073.8, -9181.4]","(-28945.7, -28669.6]","(-18170.4, -17461.1]","(31832.3, 32767.0]","(-8268.6, -7933.25]","(-21807.234, -20469.3]","(-6371.4, -4607.6]","(-23083.25, -21921.9]","(-19426.55, -18585.4]","(-22906.72, -21799.0]","(17141.0, 18391.8]",0.06,2,0
"(-7781.0, -7215.0]","(-10486.0, -9293.5]","(-18702.2, -17825.25]","(-11681.4, -10553.8]","(-11919.8, -10416.25]","(-26354.3, -26086.2]","(-298.2, 1382.6]","(20033.4, 21625.1]","(-4193.3, -1350.2]","(4345.3, 6393.25]","(-1487.0, 1000.2]","(-13336.65, -11211.6]","(-14069.4, -13003.0]","(-1678.7, 249.25]","(-20085.0, -19039.75]","(-32691.2, -32690.8]","(-19690.75, -18481.7]","(-12309.2, -10820.6]","(-11073.8, -9181.4]","(-28945.7, -28669.6]","(-18170.4, -17461.1]","(31832.3, 32767.0]","(-8268.6, -7933.25]","(-21807.234, -20469.3]","(-6371.4, -4607.6]","(-23083.25, -21921.9]","(-19426.55, -18585.4]","(-22906.72, -21799.0]","(17141.0, 18391.8]",0.09,2,0
"(-7781.0, -7215.0]","(-10486.0, -9293.5]","(-18702.2, -17825.25]","(-11681.4, -10553.8]","(-11919.8, -10416.25]","(-26354.3, -26086.2]","(-298.2, 1382.6]","(20033.4, 21625.1]","(-4193.3, -1350.2]","(4345.3, 6393.25]","(-1487.0, 1000.2]","(-13336.65, -11211.6]","(-14069.4, -13003.0]","(-1678.7, 249.25]","(-20085.0, -19039.75]","(-32691.2, -32690.8]","(-19690.75, -18481.7]","(-12309.2, -10820.6]","(-11073.8, -9181.4]","(-28945.7, -28669.6]","(-18170.4, -17461.1]","(31832.3, 32767.0]","(-8268.6, -7933.25]","(-21807.234, -20469.3]","(-6371.4, -4607.6]","(-23083.25, -21921.9]","(-19426.55, -18585.4]","(-22906.72, -21799.0]","(17141.0, 18391.8]",0.12,2,0
"(-7781.0, -7215.0]","(-10486.0, -9293.5]","(-18702.2, -17825.25]","(-11681.4, -10553.8]","(-11919.8, -10416.25]","(-26354.3, -26086.2]","(-298.2, 1382.6]","(20033.4, 21625.1]","(-4193.3, -1350.2]","(4345.3, 6393.25]","(-1487.0, 1000.2]","(-13336.65, -11211.6]","(-14069.4, -13003.0]","(-1678.7, 249.25]","(-20085.0, -19039.75]","(-32692.4, -32692.0]","(-19690.75, -18481.7]","(-12309.2, -10820.6]","(-11073.8, -9181.4]","(-28945.7, -28669.6]","(-18170.4, -17461.1]","(31832.3, 32767.0]","(-8268.6, -7933.25]","(-21807.234, -20469.3]","(-6371.4, -4607.6]","(-23083.25, -21921.9]","(-19426.55, -18585.4]","(-22906.72, -21799.0]","(17141.0, 18391.8]",0.15,2,0
"(-7781.0, -7215.0]","(-10486.0, -9293.5]","(-18702.2, -17825.25]","(-11681.4, -10553.8]","(-11919.8, -10416.25]","(-26354.3, -26086.2]","(-298.2, 1382.6]","(20033.4, 21625.1]","(-4193.3, -1350.2]","(4345.3, 6393.25]","(-1487.0, 1000.2]","(-13336.65, -11211.6]","(-14069.4, -13003.0]","(-1678.7, 249.25]","(-19039.75, -17994.5]","(-32690.4, -32690.0]","(-19690.75, -18481.7]","(-12309.2, -10820.6]","(-11073.8, -9181.4]","(-28945.7, -28669.6]","(-18170.4, -17461.1]","(31832.3, 32767.0]","(-8268.6, -7933.25]","(-21807.234, -20469.3]","(-6371.4, -4607.6]","(-23083.25, -21921.9]","(-19426.55, -18585.4]","(-22906.72, -21799.0]","(17141.0, 18391.8]",0.18,2,0
"(-7781.0, -7215.0]","(-10486.0, -9293.5]","(-18702.2, -17825.25]","(-11681.4, -10553.8]","(-11919.8, -10416.25]","(-26354.3, -26086.2]","(-298.2, 1382.6]","(20033.4, 21625.1]","(-4193.3, -1350.2]","(4345.3, 6393.25]","(-1487.0, 1000.2]","(-13336.65, -11211.6]","(-14069.4, -13003.0]","(-1678.7, 249.25]","(-19039.75, -17994.5]","(-32690.4, -32690.0]","(-19690.75, -18481.7]","(-12309.2, -10820.6]","(-11073.8, -9181.4]","(-28945.7, -28669.6]","(-18170.4, -17461.1]","(31832.3, 32767.0]","(-8268.6, -7933.25]","(-21807.234, -20469.3]","(-6371.4, -4607.6]","(-23083.25, -21921.9]","(-19426.55, -18585.4]","(-22906.72, -21799.0]","(17141.0, 18391.8]",0.21,2,0
"(-7781.0, -7215.0]","(-10486.0, -9293.5]","(-18702.2, -17825.25]","(-11681.4, -10553.8]","(-11919.8, -10416.25]","(-26354.3, -26086.2]","(-298.2, 1382.6]","(20033.4, 21625.1]","(-4193.3, -1350.2]","(4345.3, 6393.25]","(-1487.0, 1000.2]","(-13336.65, -11211.6]","(-14069.4, -13003.0]","(-1678.7, 249.25]","(-19039.75, -17994.5]","(-32690.4, -32690.0]","(-19690.75, -18481.7]","(-12309.2, -10820.6]","(-11073.8, -9181.4]","(-28945.7, -28669.6]","(-18170.4, -17461.1]","(31832.3, 32767.0]","(-8268.6, -7933.25]","(-21807.234, -20469.3]","(-6371.4, -4607.6]","(-23083.25, -21921.9]","(-19426.55, -18585.4]","(-22906.72, -21799.0]","(17141.0, 18391.8]",0.24,2,0
"(-7781.0, -7215.0]","(-10486.0, -9293.5]","(-18702.2, -17825.25]","(-11681.4, -10553.8]","(-11919.8, -10416.25]","(-26354.3, -26086.2]","(-298.2, 1382.6]","(20033.4, 21625.1]","(-4193.3, -1350.2]","(4345.3, 6393.25]","(-1487.0, 1000.2]","(-13336.65, -11211.6]","(-14069.4, -13003.0]","(-1678.7, 249.25]","(-20085.0, -19039.75]","(-32691.2, -32690.8]","(-19690.75, -18481.7]","(-12309.2, -10820.6]","(-11073.8, -9181.4]","(-28945.7, -28669.6]","(-18170.4, -17461.1]","(31832.3, 32767.0]","(-8268.6, -7933.25]","(-21807.234, -20469.3]","(-6371.4, -4607.6]","(-23083.25, -21921.9]","(-19426.55, -18585.4]","(-22906.72, -21799.0]","(17141.0, 18391.8]",0.27,2,0
"(-7781.0, -7215.0]","(-10486.0, -9293.5]","(-18702.2, -17825.25]","(-11681.4, -10553.8]","(-11919.8, -10416.25]","(-26354.3, -26086.2]","(-298.2, 1382.6]","(20033.4, 21625.1]","(-4193.3, -1350.2]","(4345.3, 6393.25]","(-1487.0, 1000.2]","(-13336.65, -11211.6]","(-14069.4, -13003.0]","(-1678.7, 249.25]","(-19039.75, -17994.5]","(-32690.4, -32690.0]","(-19690.75, -18481.7]","(-12309.2, -10820.6]","(-11073.8, -9181.4]","(-28945.7, -28669.6]","(-18170.4, -17461.1]","(31832.3, 32767.0]","(-8268.6, -7933.25]","(-21807.234, -20469.3]","(-6371.4, -4607.6]","(-23083.25, -21921.9]","(-19426.55, -18585.4]","(-22906.72, -21799.0]","(17141.0, 18391.8]",0.3,2,0
"(-7781.0, -7215.0]","(-10486.0, -9293.5]","(-18702.2, -17825.25]","(-11681.4, -10553.8]","(-11919.8, -10416.25]","(-26354.3, -26086.2]","(-298.2, 1382.6]","(20033.4, 21625.1]","(-4193.3, -1350.2]","(4345.3, 6393.25]","(-1487.0, 1000.2]","(-13336.65, -11211.6]","(-14069.4, -13003.0]","(-1678.7, 249.25]","(-19039.75, -17994.5]","(-32690.4, -32690.0]","(-19690.75, -18481.7]","(-12309.2, -10820.6]","(-11073.8, -9181.4]","(-28945.7, -28669.6]","(-18170.4, -17461.1]","(31832.3, 32767.0]","(-8268.6, -7933.25]","(-21807.234, -20469.3]","(-6371.4, -4607.6]","(-23083.25, -21921.9]","(-19426.55, -18585.4]","(-22906.72, -21799.0]","(17141.0, 18391.8]",0.32999999999999996,2,0
"(-7781.0, -7215.0]","(-10486.0, -9293.5]","(-18702.2, -17825.25]","(-11681.4, -10553.8]","(-11919.8, -10416.25]","(-26354.3, -26086.2]","(-298.2, 1382.6]","(20033.4, 21625.1]","(-4193.3, -1350.2]","(4345.3, 6393.25]","(-1487.0, 1000.2]","(-13336.65, -11211.6]","(-14069.4, -13003.0]","(-1678.7, 249.25]","(-20085.0, -19039.75]","(-32691.2, -32690.8]","(-19690.75, -18481.7]","(-12309.2, -10820.6]","(-11073.8, -9181.4]","(-28945.7, -28669.6]","(-18170.4, -17461.1]","(31832.3, 32767.0]","(-8268.6, -7933.25]","(-21807.234, -20469.3]","(-6371.4, -4607.6]","(-23083.25, -21921.9]","(-19426.55, -18585.4]","(-22906.72, -21799.0]","(17141.0, 18391.8]",0.36,2,0
"(-7781.0, -7215.0]","(-10486.0, -9293.5]","(-18702.2, -17825.25]","(-11681.4, -10553.8]","(-11919.8, -10416.25]","(-26354.3, -26086.2]","(-298.2, 1382.6]","(20033.4, 21625.1]","(-4193.3, -1350.2]","(4345.3, 6393.25]","(-1487.0, 1000.2]","(-13336.65, -11211.6]","(-14069.4, -13003.0]","(-1678.7, 249.25]","(-19039.75, -17994.5]","(-32691.2, -32690.8]","(-19690.75, -18481.7]","(-12309.2, -10820.6]","(-11073.8, -9181.4]","(-28945.7, -28669.6]","(-18170.4, -17461.1]","(31832.3, 32767.0]","(-8268.6, -7933.25]","(-21807.234, -20469.3]","(-6371.4, -4607.6]","(-23083.25, -21921.9]","(-19426.55, -18585.4]","(-22906.72, -21799.0]","(17141.0, 18391.8]",0.39,2,0
"(-7781.0, -7215.0]","(-10486.0, -9293.5]","(-18702.2, -17825.25]","(-11681.4, -10553.8]","(-11919.8, -10416.25]","(-26354.3, -26086.2]","(-298.2, 1382.6]","(20033.4, 21625.1]","(-4193.3, -1350.2]","(4345.3, 6393.25]","(-1487.0, 1000.2]","(-13336.65, -11211.6]","(-14069.4, -13003.0]","(-1678.7, 249.25]","(-19039.75, -17994.5]","(-32690.4, -32690.0]","(-19690.75, -18481.7]","(-12309.2, -10820.6]","(-11073.8, -9181.4]","(-28945.7, -28669.6]","(-18170.4, -17461.1]","(31832.3, 32767.0]","(-8268.6, -7933.25]","(-21807.234, -20469.3]","(-6371.4, -4607.6]","(-23083.25, -21921.9]","(-19426.55, -18585.4]","(-22906.72, -21799.0]","(17141.0, 18391.8]",0.42,2,0
"(-7781.0, -7215.0]","(-10486.0, -9293.5]","(-18702.2, -17825.25]","(-11681.4, -10553.8]","(-11919.8, -10416.25]","(-26354.3, -26086.2]","(-298.2, 1382.6]","(20033.4, 21625.1]","(-4193.3, -1350.2]","(4345.3, 6393.25]","(-1487.0, 1000.2]","(-13336.65, -11211.6]","(-14069.4, -13003.0]","(-1678.7, 249.25]","(-20085.0, -19039.75]","(-32690.4, -32690.0]","(-19690.75, -18481.7]","(-12309.2, -10820.6]","(-11073.8, -9181.4]","(-28945.7, -28669.6]","(-18170.4, -17461.1]","(31832.3, 32767.0]","(-8268.6, -7933.25]","(-21807.234, -20469.3]","(-6371.4, -4607.6]","(-23083.25, -21921.9]","(-19426.55, -18585.4]","(-22906.72, -21799.0]","(17141.0, 18391.8]",0.44999999999999996,2,0
"(-7781.0, -7215.0]","(-10486.0, -9293.5]","(-18702.2, -17825.25]","(-11681.4, -10553.8]","(-11919.8, -10416.25]","(-26354.3, -26086.2]","(-298.2, 1382.6]","(20033.4, 21625.1]","(-4193.3, -1350.2]","(4345.3, 6393.25]","(-1487.0, 1000.2]","(-13336.65, -11211.6]","(-14069.4, -13003.0]","(-1678.7, 249.25]","(-20085.0, -19039.75]","(-32690.4, -32690.0]","(-19690.75, -18481.7]","(-12309.2, -10820.6]","(-11073.8, -9181.4]","(-28945.7, -28669.6]","(-18170.4, -17461.1]","(31832.3, 32767.0]","(-8268.6, -7933.25]","(-21807.234, -20469.3]","(-6371.4, -4607.6]","(-23083.25, -21921.9]","(-19426.55, -18585.4]","(-22906.72, -21799.0]","(17141.0, 18391.8]",0.48,2,0
"(-7781.0, -7215.0]","(-10486.0, -9293.5]","(-18702.2, -17825.25]","(-11681.4, -10553.8]","(-11919.8, -10416.25]","(-26354.3, -26086.2]","(-298.2, 1382.6]","(20033.4, 21625.1]","(-4193.3, -1350.2]","(4345.3, 6393.25]","(-1487.0, 1000.2]","(-13336.65, -11211.6]","(-14069.4, -13003.0]","(-1678.7, 249.25]","(-19039.75, -17994.5]","(-32691.2, -32690.8]","(-19690.75, -18481.7]","(-12309.2, -10820.6]","(-11073.8, -9181.4]","(-28945.7, -28669.6]","(-18170.4, -17461.1]","(31832.3, 32767.0]","(-8268.6, -7933.25]","(-21807.234, -20469.3]","(-6371.4, -4607.6]","(-23083.25, -21921.9]","(-19426.55, -18585.4]","(-22906.72, -21799.0]","(17141.0, 18391.8]",0.51,2,0
"(-7781.0, -7215.0]","(-10486.0, -9293.5]","(-18702.2, -17825.25]","(-11681.4, -10553.8]","(-11919.8, -10416.25]","(-26354.3, -26086.2]","(-298.2, 1382.6]","(20033.4, 21625.1]","(-4193.3, -1350.2]","(4345.3, 6393.25]","(-1487.0, 1000.2]","(-13336.65, -11211.6]","(-14069.4, -13003.0]","(-1678.7, 249.25]","(-20085.0, -19039.75]","(-32690.4, -32690.0]","(-19690.75, -18481.7]","(-12309.2, -10820.6]","(-11073.8, -9181.4]","(-28945.7, -28669.6]","(-18170.4, -17461.1]","(31832.3, 32767.0]","(-8268.6, -7933.25]","(-21807.234, -20469.3]","(-6371.4, -4607.6]","(-23083.25, -21921.9]","(-19426.55, -18585.4]","(-22906.72, -21799.0]","(17141.0, 18391.8]",0.54,2,0
"(-7781.0, -7215.0]","(-10486.0, -9293.5]","(-18702.2, -17825.25]","(-11681.4, -10553.8]","(-11919.8, -10416.25]","(-26354.3, -26086.2]","(-298.2, 1382.6]","(20033.4, 21625.1]","(-4193.3, -1350.2]","(4345.3, 6393.25]","(-1487.0, 1000.2]","(-13336.65, -11211.6]","(-14069.4, -13003.0]","(-1678.7, 249.25]","(-20085.0, -19039.75]","(-32691.2, -32690.8]","(-19690.75, -18481.7]","(-12309.2, -10820.6]","(-11073.8, -9181.4]","(-28945.7, -28669.6]","(-18170.4, -17461.1]","(31832.3, 32767.0]","(-8268.6, -7933.25]","(-21807.234, -20469.3]","(-6371.4, -4607.6]","(-23083.25, -21921.9]","(-19426.55, -18585.4]","(-22906.72, -21799.0]","(17141.0, 18391.8]",0.57,2,0
"(-7781.0, -7215.0]","(-10486.0, -9293.5]","(-18702.2, -17825.25]","(-11681.4, -10553.8]","(-11919.8, -10416.25]","(-26354.3, -26086.2]","(-298.2, 1382.6]","(20033.4, 21625.1]","(-4193.3, -1350.2]","(4345.3, 6393.25]","(-1487.0, 1000.2]","(-13336.65, -11211.6]","(-14069.4, -13003.0]","(-1678.7, 249.25]","(-19039.75, -17994.5]","(-32690.4, -32690.0]","(-19690.75, -18481.7]","(-12309.2, -10820.6]","(-11073.8, -9181.4]","(-28945.7, -28669.6]","(-18170.4, -17461.1]","(31832.3, 32767.0]","(-8268.6, -7933.25]","(-21807.234, -20469.3]","(-6371.4, -4607.6]","(-23083.25, -21921.9]","(-19426.55, -18585.4]","(-22906.72, -21799.0]","(17141.0, 18391.8]",0.6,2,0
"(-7781.0, -7215.0]","(-10486.0, -9293.5]","(-18702.2, -17825.25]","(-11681.4, -10553.8]","(-11919.8, -10416.25]","(-26354.3, -26086.2]","(-298.2, 1382.6]","(20033.4, 21625.1]","(-4193.3, -1350.2]","(4345.3, 6393.25]","(-1487.0, 1000.2]","(-13336.65, -11211.6]","(-14069.4, -13003.0]","(-1678.7, 249.25]","(-19039.75, -17994.5]","(-32690.4, -32690.0]","(-19690.75, -18481.7]","(-12309.2, -10820.6]","(-11073.8, -9181.4]","(-28945.7, -28669.6]","(-18170.4, -17461.1]","(31832.3, 32767.0]","(-8268.6, -7933.25]","(-21807.234, -20469.3]","(-6371.4, -4607.6]","(-23083.25, -21921.9]","(-19426.55, -18585.4]","(-22906.72, -21799.0]","(17141.0, 18391.8]",0.63,2,0
"(-7781.0, -7215.0]","(-10486.0, -9293.5]","(-18702.2, -17825.25]","(-11681.4, -10553.8]","(-11919.8, -10416.25]","(-26354.3, -26086.2]","(-298.2, 1382.6]","(20033.4, 21625.1]","(-4193.3, -1350.2]","(4345.3, 6393.25]","(-1487.0, 1000.2]","(-13336.65, -11211.6]","(-14069.4, -13003.0]","(-1678.7, 249.25]","(-20085.0, -19039.75]","(-32690.4, -32690.0]","(-19690.75, -18481.7]","(-10820.6, -9332.0]","(-11073.8, -9181.4]","(-28945.7, -28669.6]","(-18170.4, -17461.1]","(31832.3, 32767.0]","(-8268.6, -7933.25]","(-21807.234, -20469.3]","(-6371.4, -4607.6]","(-23083.25, -21921.9]","(-19426.55, -18585.4]","(-22906.72, -21799.0]","(17141.0, 18391.8]",0.6599999999999999,2,0
"(-7781.0, -7215.0]","(-10486.0, -9293.5]","(-18702.2, -17825.25]","(-11681.4, -10553.8]","(-11919.8, -10416.25]","(-26354.3, -26086.2]","(-298.2, 1382.6]","(20033.4, 21625.1]","(-4193.3, -1350.2]","(4345.3, 6393.25]","(-1487.0, 1000.2]","(-13336.65, -11211.6]","(-14069.4, -13003.0]","(-1678.7, 249.25]","(-20085.0, -19039.75]","(-32690.4, -32690.0]","(-19690.75, -18481.7]","(-10820.6, -9332.0]","(-9181.4, -7289.0]","(-28945.7, -28669.6]","(-18170.4, -17461.1]","(31832.3, 32767.0]","(-8268.6, -7933.25]","(-21807.234, -20469.3]","(-6371.4, -4607.6]","(-23083.25, -21921.9]","(-19426.55, -18585.4]","(-22906.72, -21799.0]","(17141.0, 18391.8]",0.69,2,0
"(-7781.0, -7215.0]","(-10486.0, -9293.5]","(-18702.2, -17825.25]","(-11681.4, -10553.8]","(-11919.8, -10416.25]","(-26354.3, -26086.2]","(-298.2, 1382.6]","(20033.4, 21625.1]","(-4193.3, -1350.2]","(4345.3, 6393.25]","(-1487.0, 1000.2]","(-13336.65, -11211.6]","(-14069.4, -13003.0]","(-1678.7, 249.25]","(-20085.0, -19039.75]","(-32692.4, -32692.0]","(-19690.75, -18481.7]","(-10820.6, -9332.0]","(-9181.4, -7289.0]","(-28945.7, -28669.6]","(-18170.4, -17461.1]","(31832.3, 32767.0]","(-8268.6, -7933.25]","(-21807.234, -20469.3]","(-6371.4, -4607.6]","(-23083.25, -21921.9]","(-19426.55, -18585.4]","(-22906.72, -21799.0]","(17141.0, 18391.8]",0.72,2,0
"(-7781.0, -7215.0]","(-10486.0, -9293.5]","(-18702.2, -17825.25]","(-11681.4, -10553.8]","(-11919.8, -10416.25]","(-26354.3, -26086.2]","(-298.2, 1382.6]","(20033.4, 21625.1]","(-4193.3, -1350.2]","(4345.3, 6393.25]","(-1487.0, 1000.2]","(-13336.65, -11211.6]","(-14069.4, -13003.0]","(-1678.7, 249.25]","(-19039.75, -17994.5]","(-32691.2, -32690.8]","(-19690.75, -18481.7]","(-10820.6, -9332.0]","(-9181.4, -7289.0]","(-28945.7, -28669.6]","(-18170.4, -17461.1]","(31832.3, 32767.0]","(-8268.6, -7933.25]","(-21807.234, -20469.3]","(-6371.4, -4607.6]","(-23083.25, -21921.9]","(-19426.55, -18585.4]","(-22906.72, -21799.0]","(17141.0, 18391.8]",0.75,2,0
"(-7781.0, -7215.0]","(-10486.0, -9293.5]","(-18702.2, -17825.25]","(-11681.4, -10553.8]","(-11919.8, -10416.25]","(-26354.3, -26086.2]","(-298.2, 1382.6]","(20033.4, 21625.1]","(-4193.3, -1350.2]","(4345.3, 6393.25]","(-1487.0, 1000.2]","(-13336.65, -11211.6]","(-14069.4, -13003.0]","(-1678.7, 249.25]","(-19039.75, -17994.5]","(-32690.4, -32690.0]","(-19690.75, -18481.7]","(-10820.6, -9332.0]","(-9181.4, -7289.0]","(-28945.7, -28669.6]","(-18170.4, -17461.1]","(31832.3, 32767.0]","(-8268.6, -7933.25]","(-21807.234, -20469.3]","(-6371.4, -4607.6]","(-23083.25, -21921.9]","(-19426.55, -18585.4]","(-22906.72, -21799.0]","(17141.0, 18391.8]",0.78,2,0
"(-7781.0, -7215.0]","(-10486.0, -9293.5]","(-18702.2, -17825.25]","(-11681.4, -10553.8]","(-11919.8, -10416.25]","(-26354.3, -26086.2]","(-298.2, 1382.6]","(20033.4, 21625.1]","(-4193.3, -1350.2]","(4345.3, 6393.25]","(-1487.0, 1000.2]","(-13336.65, -11211.6]","(-14069.4, -13003.0]","(-1678.7, 249.25]","(-20085.0, -19039.75]","(-32692.4, -32692.0]","(-19690.75, -18481.7]","(-10820.6, -9332.0]","(-9181.4, -7289.0]","(-28945.7, -28669.6]","(-18170.4, -17461.1]","(31832.3, 32767.0]","(-8268.6, -7933.25]","(-21807.234, -20469.3]","(-6371.4, -4607.6]","(-23083.25, -21921.9]","(-19426.55, -18585.4]","(-22906.72, -21799.0]","(17141.0, 18391.8]",0.8099999999999999,2,0
"(-7781.0, -7215.0]","(-10486.0, -9293.5]","(-18702.2, -17825.25]","(-11681.4, -10553.8]","(-11919.8, -10416.25]","(-26354.3, -26086.2]","(-298.2, 1382.6]","(20033.4, 21625.1]","(-4193.3, -1350.2]","(4345.3, 6393.25]","(-1487.0, 1000.2]","(-13336.65, -11211.6]","(-14069.4, -13003.0]","(-1678.7, 249.25]","(-20085.0, -19039.75]","(-32690.4, -32690.0]","(-19690.75, -18481.7]","(-10820.6, -9332.0]","(-9181.4, -7289.0]","(-28945.7, -28669.6]","(-18170.4, -17461.1]","(31832.3, 32767.0]","(-8268.6, -7933.25]","(-21807.234, -20469.3]","(-6371.4, -4607.6]","(-23083.25, -21921.9]","(-19426.55, -18585.4]","(-22906.72, -21799.0]","(17141.0, 18391.8]",0.84,2,0
"(-7781.0, -7215.0]","(-10486.0, -9293.5]","(-18702.2, -17825.25]","(-11681.4, -10553.8]","(-11919.8, -10416.25]","(-26354.3, -26086.2]","(-298.2, 1382.6]","(20033.4, 21625.1]","(-4193.3, -1350.2]","(4345.3, 6393.25]","(-1487.0, 1000.2]","(-13336.65, -11211.6]","(-14069.4, -13003.0]","(-1678.7, 249.25]","(-20085.0, -19039.75]","(-32690.4, -32690.0]","(-19690.75, -18481.7]","(-10820.6, -9332.0]","(-9181.4, -7289.0]","(-28945.7, -28669.6]","(-18170.4, -17461.1]","(31832.3, 32767.0]","(-8268.6, -7933.25]","(-21807.234, -20469.3]","(-6371.4, -4607.6]","(-23083.25, -21921.9]","(-19426.55, -18585.4]","(-22906.72, -21799.0]","(17141.0, 18391.8]",0.87,2,0
"(-7781.0, -7215.0]","(-10486.0, -9293.5]","(-18702.2, -17825.25]","(-11681.4, -10553.8]","(-11919.8, -10416.25]","(-26354.3, -26086.2]","(-298.2, 1382.6]","(20033.4, 21625.1]","(-4193.3, -1350.2]","(4345.3, 6393.25]","(-1487.0, 1000.2]","(-13336.65, -11211.6]","(-14069.4, -13003.0]","(-1678.7, 249.25]","(-19039.75, -17994.5]","(-32690.4, -32690.0]","(-19690.75, -18481.7]","(-9332.0, -7843.4]","(-7289.0, -5396.6]","(-28945.7, -28669.6]","(-18170.4, -17461.1]","(31832.3, 32767.0]","(-8268.6, -7933.25]","(-21807.234, -20469.3]","(-6371.4, -4607.6]","(-23083.25, -21921.9]","(-19426.55, -18585.4]","(-22906.72, -21799.0]","(17141.0, 18391.8]",0.8999999999999999,2,0
"(-7781.0, -7215.0]","(-10486.0, -9293.5]","(-19579.15, -18702.2]","(-11681.4, -10553.8]","(-11919.8, -10416.25]","(-26354.3, -26086.2]","(-298.2, 1382.6]","(20033.4, 21625.1]","(-4193.3, -1350.2]","(4345.3, 6393.25]","(-1487.0, 1000.2]","(-13336.65, -11211.6]","(-14069.4, -13003.0]","(-1678.7, 249.25]","(-19039.75, -17994.5]","(-32690.4, -32690.0]","(-19690.75, -18481.7]","(-9332.0, -7843.4]","(-7289.0, -5396.6]","(-28945.7, -28669.6]","(-18170.4, -17461.1]","(31832.3, 32767.0]","(-8268.6, -7933.25]","(-21807.234, -20469.3]","(-6371.4, -4607.6]","(-23083.25, -21921.9]","(-19426.55, -18585.4]","(-22906.72, -21799.0]","(17141.0, 18391.8]",0.9299999999999999,2,0
"(-7781.0, -7215.0]","(-10486.0, -9293.5]","(-18702.2, -17825.25]","(-11681.4, -10553.8]","(-10416.25, -8912.7]","(-26354.3, -26086.2]","(-298.2, 1382.6]","(20033.4, 21625.1]","(-4193.3, -1350.2]","(4345.3, 6393.25]","(-1487.0, 1000.2]","(-13336.65, -11211.6]","(-14069.4, -13003.0]","(-1678.7, 249.25]","(-19039.75, -17994.5]","(-32690.4, -32690.0]","(-19690.75, -18481.7]","(-9332.0, -7843.4]","(-7289.0, -5396.6]","(-28945.7, -28669.6]","(-18170.4, -17461.1]","(31832.3, 32767.0]","(-8268.6, -7933.25]","(-21807.234, -20469.3]","(-6371.4, -4607.6]","(-23083.25, -21921.9]","(-19426.55, -18585.4]","(-22906.72, -21799.0]","(17141.0, 18391.8]",0.96,2,0
"(-7781.0, -7215.0]","(-10486.0, -9293.5]","(-18702.2, -17825.25]","(-11681.4, -10553.8]","(-11919.8, -10416.25]","(-26354.3, -26086.2]","(-298.2, 1382.6]","(20033.4, 21625.1]","(-4193.3, -1350.2]","(4345.3, 6393.25]","(-1487.0, 1000.2]","(-13336.65, -11211.6]","(-14069.4, -13003.0]","(-1678.7, 249.25]","(-19039.75, -17994.5]","(-32691.2, -32690.8]","(-19690.75, -18481.7]","(-9332.0, -7843.4]","(-7289.0, -5396.6]","(-28945.7, -28669.6]","(-18170.4, -17461.1]","(31832.3, 32767.0]","(-8268.6, -7933.25]","(-21807.234, -20469.3]","(-6371.4, -4607.6]","(-23083.25, -21921.9]","(-19426.55, -18585.4]","(-22906.72, -21799.0]","(17141.0, 18391.8]",0.99,2,0
"(-7781.0, -7215.0]","(-10486.0, -9293.5]","(-18702.2, -17825.25]","(-11681.4, -10553.8]","(-11919.8, -10416.25]","(-26354.3, -26086.2]","(-298.2, 1382.6]","(20033.4, 21625.1]","(-4193.3, -1350.2]","(4345.3, 6393.25]","(-1487.0, 1000.2]","(-13336.65, -11211.6]","(-14069.4, -13003.0]","(-1678.7, 249.25]","(-19039.75, -17994.5]","(-32690.4, -32690.0]","(-19690.75, -18481.7]","(-9332.0, -7843.4]","(-7289.0, -5396.6]","(-28945.7, -28669.6]","(-17461.1, -16751.8]","(31832.3, 32767.0]","(-8268.6, -7933.25]","(-21807.234, -20469.3]","(-6371.4, -4607.6]","(-23083.25, -21921.9]","(-19426.55, -18585.4]","(-22906.72, -21799.0]","(17141.0, 18391.8]",1.02,2,0
"(-7781.0, -7215.0]","(-10486.0, -9293.5]","(-18702.2, -17825.25]","(-11681.4, -10553.8]","(-10416.25, -8912.7]","(-26354.3, -26086.2]","(-298.2, 1382.6]","(20033.4, 21625.1]","(-4193.3, -1350.2]","(4345.3, 6393.25]","(-1487.0, 1000.2]","(-13336.65, -11211.6]","(-14069.4, -13003.0]","(-1678.7, 249.25]","(-19039.75, -17994.5]","(-32690.4, -32690.0]","(-19690.75, -18481.7]","(-7843.4, -6354.8]","(-5396.6, -3504.2]","(-28945.7, -28669.6]","(-17461.1, -16751.8]","(31832.3, 32767.0]","(-8268.6, -7933.25]","(-21807.234, -20469.3]","(-6371.4, -4607.6]","(-23083.25, -21921.9]","(-19426.55, -18585.4]","(-22906.72, -21799.0]","(17141.0, 18391.8]",1.05,2,0
"(-7781.0, -7215.0]","(-10486.0, -9293.5]","(-18702.2, -17825.25]","(-11681.4, -10553.8]","(-10416.25, -8912.7]","(-26354.3, -26086.2]","(-298.2, 1382.6]","(20033.4, 21625.1]","(-4193.3, -1350.2]","(4345.3, 6393.25]","(-1487.0, 1000.2]","(-13336.65, -11211.6]","(-14069.4, -13003.0]","(-1678.7, 249.25]","(-19039.75, -17994.5]","(-32690.4, -32690.0]","(-19690.75, -18481.7]","(-7843.4, -6354.8]","(-5396.6, -3504.2]","(-28945.7, -28669.6]","(-17461.1, -16751.8]","(31832.3, 32767.0]","(-8268.6, -7933.25]","(-21807.234, -20469.3]","(-6371.4, -4607.6]","(-23083.25, -21921.9]","(-18585.4, -17744.25]","(-22906.72, -21799.0]","(17141.0, 18391.8]",1.08,2,0
"(-7781.0, -7215.0]","(-10486.0, -9293.5]","(-18702.2, -17825.25]","(-11681.4, -10553.8]","(-10416.25, -8912.7]","(-26354.3, -26086.2]","(-298.2, 1382.6]","(20033.4, 21625.1]","(-4193.3, -1350.2]","(4345.3, 6393.25]","(-1487.0, 1000.2]","(-13336.65, -11211.6]","(-14069.4, -13003.0]","(-1678.7, 249.25]","(-19039.75, -17994.5]","(-32690.4, -32690.0]","(-19690.75, -18481.7]","(-7843.4, -6354.8]","(-5396.6, -3504.2]","(-28945.7, -28669.6]","(-17461.1, -16751.8]","(31832.3, 32767.0]","(-8268.6, -7933.25]","(-21807.234, -20469.3]","(-6371.4, -4607.6]","(-23083.25, -21921.9]","(-18585.4, -17744.25]","(-22906.72, -21799.0]","(17141.0, 18391.8]",1.1099999999999999,2,0
"(-7781.0, -7215.0]","(-10486.0, -9293.5]","(-18702.2, -17825.25]","(-11681.4, -10553.8]","(-10416.25, -8912.7]","(-26354.3, -26086.2]","(-298.2, 1382.6]","(20033.4, 21625.1]","(-4193.3, -1350.2]","(4345.3, 6393.25]","(-1487.0, 1000.2]","(-13336.65, -11211.6]","(-14069.4, -13003.0]","(-1678.7, 249.25]","(-19039.75, -17994.5]","(-32690.4, -32690.0]","(-19690.75, -18481.7]","(-7843.4, -6354.8]","(-5396.6, -3504.2]","(-28945.7, -28669.6]","(-17461.1, -16751.8]","(31832.3, 32767.0]","(-8268.6, -7933.25]","(-21807.234, -20469.3]","(-6371.4, -4607.6]","(-23083.25, -21921.9]","(-18585.4, -17744.25]","(-22906.72, -21799.0]","(17141.0, 18391.8]",1.14,2,0
"(-7781.0, -7215.0]","(-10486.0, -9293.5]","(-18702.2, -17825.25]","(-11681.4, -10553.8]","(-10416.25, -8912.7]","(-26354.3, -26086.2]","(-298.2, 1382.6]","(20033.4, 21625.1]","(-4193.3, -1350.2]","(4345.3, 6393.25]","(-1487.0, 1000.2]","(-13336.65, -11211.6]","(-14069.4, -13003.0]","(-1678.7, 249.25]","(-19039.75, -17994.5]","(-32690.4, -32690.0]","(-19690.75, -18481.7]","(-6354.8, -4866.2]","(-3504.2, -1611.8]","(-28945.7, -28669.6]","(-17461.1, -16751.8]","(31832.3, 32767.0]","(-8268.6, -7933.25]","(-21807.234, -20469.3]","(-6371.4, -4607.6]","(-23083.25, -21921.9]","(-18585.4, -17744.25]","(-22906.72, -21799.0]","(17141.0, 18391.8]",1.17,2,0
"(-7781.0, -7215.0]","(-10486.0, -9293.5]","(-18702.2, -17825.25]","(-11681.4, -10553.8]","(-10416.25, -8912.7]","(-26354.3, -26086.2]","(-298.2, 1382.6]","(20033.4, 21625.1]","(-4193.3, -1350.2]","(4345.3, 6393.25]","(-1487.0, 1000.2]","(-13336.65, -11211.6]","(-14069.4, -13003.0]","(-1678.7, 249.25]","(-19039.75, -17994.5]","(-32690.4, -32690.0]","(-19690.75, -18481.7]","(-6354.8, -4866.2]","(-3504.2, -1611.8]","(-28945.7, -28669.6]","(-17461.1, -16751.8]","(31832.3, 32767.0]","(-8268.6, -7933.25]","(-21807.234, -20469.3]","(-6371.4, -4607.6]","(-23083.25, -21921.9]","(-18585.4, -17744.25]","(-22906.72, -21799.0]","(17141.0, 18391.8]",1.2,2,0
"(-7781.0, -7215.0]","(-11678.5, -10486.0]","(-18702.2, -17825.25]","(-11681.4, -10553.8]","(-10416.25, -8912.7]","(-26354.3, -26086.2]","(-298.2, 1382.6]","(20033.4, 21625.1]","(-4193.3, -1350.2]","(2297.35, 4345.3]","(-1487.0, 1000.2]","(-13336.65, -11211.6]","(-14069.4, -13003.0]","(-1678.7, 249.25]","(-19039.75, -17994.5]","(-32691.2, -32690.8]","(-19690.75, -18481.7]","(-6354.8, -4866.2]","(-3504.2, -1611.8]","(-28945.7, -28669.6]","(-17461.1, -16751.8]","(31832.3, 32767.0]","(-8268.6, -7933.25]","(-21807.234, -20469.3]","(-6371.4, -4607.6]","(-23083.25, -21921.9]","(-18585.4, -17744.25]","(-22906.72, -21799.0]","(17141.0, 18391.8]",1.23,2,0
"(-7781.0, -7215.0]","(-11678.5, -10486.0]","(-18702.2, -17825.25]","(-11681.4, -10553.8]","(-10416.25, -8912.7]","(-26354.3, -26086.2]","(-298.2, 1382.6]","(20033.4, 21625.1]","(-4193.3, -1350.2]","(2297.35, 4345.3]","(-1487.0, 1000.2]","(-13336.65, -11211.6]","(-14069.4, -13003.0]","(-1678.7, 249.25]","(-17994.5, -16949.25]","(-32690.4, -32690.0]","(-19690.75, -18481.7]","(-6354.8, -4866.2]","(-1611.8, 280.6]","(-28945.7, -28669.6]","(-17461.1, -16751.8]","(31832.3, 32767.0]","(-8268.6, -7933.25]","(-21807.234, -20469.3]","(-6371.4, -4607.6]","(-23083.25, -21921.9]","(-18585.4, -17744.25]","(-22906.72, -21799.0]","(17141.0, 18391.8]",1.26,2,0
"(-7781.0, -7215.0]","(-11678.5, -10486.0]","(-18702.2, -17825.25]","(-11681.4, -10553.8]","(-10416.25, -8912.7]","(-26354.3, -26086.2]","(-298.2, 1382.6]","(20033.4, 21625.1]","(-4193.3, -1350.2]","(4345.3, 6393.25]","(-1487.0, 1000.2]","(-13336.65, -11211.6]","(-14069.4, -13003.0]","(-1678.7, 249.25]","(-20085.0, -19039.75]","(-32692.4, -32692.0]","(-19690.75, -18481.7]","(-4866.2, -3377.6]","(-1611.8, 280.6]","(-28945.7, -28669.6]","(-17461.1, -16751.8]","(31832.3, 32767.0]","(-8268.6, -7933.25]","(-21807.234, -20469.3]","(-6371.4, -4607.6]","(-23083.25, -21921.9]","(-18585.4, -17744.25]","(-22906.72, -21799.0]","(17141.0, 18391.8]",1.29,2,0
"(-7781.0, -7215.0]","(-11678.5, -10486.0]","(-18702.2, -17825.25]","(-11681.4, -10553.8]","(-10416.25, -8912.7]","(-26354.3, -26086.2]","(-298.2, 1382.6]","(20033.4, 21625.1]","(-4193.3, -1350.2]","(2297.35, 4345.3]","(-1487.0, 1000.2]","(-13336.65, -11211.6]","(-14069.4, -13003.0]","(249.25, 2177.2]","(-15904.0, -14858.75]","(-32690.4, -32690.0]","(-19690.75, -18481.7]","(-4866.2, -3377.6]","(-1611.8, 280.6]","(-28945.7, -28669.6]","(-16751.8, -16042.5]","(31832.3, 32767.0]","(-8268.6, -7933.25]","(-21807.234, -20469.3]","(-6371.4, -4607.6]","(-23083.25, -21921.9]","(-18585.4, -17744.25]","(-22906.72, -21799.0]","(17141.0, 18391.8]",1.3199999999999998,2,0
"(-7781.0, -7215.0]","(-11678.5, -10486.0]","(-18702.2, -17825.25]","(-11681.4, -10553.8]","(-10416.25, -8912.7]","(-26354.3, -26086.2]","(-298.2, 1382.6]","(20033.4, 21625.1]","(-4193.3, -1350.2]","(2297.35, 4345.3]","(-1487.0, 1000.2]","(-13336.65, -11211.6]","(-14069.4, -13003.0]","(249.25, 2177.2]","(-14858.75, -13813.5]","(-32691.2, -32690.8]","(-18481.7, -17272.65]","(-4866.2, -3377.6]","(-1611.8, 280.6]","(-28669.6, -28393.5]","(-16751.8, -16042.5]","(31832.3, 32767.0]","(-8268.6, -7933.25]","(-21807.234, -20469.3]","(-6371.4, -4607.6]","(-23083.25, -21921.9]","(-18585.4, -17744.25]","(-22906.72, -21799.0]","(17141.0, 18391.8]",1.3499999999999999,2,0
"(-7781.0, -7215.0]","(-11678.5, -10486.0]","(-18702.2, -17825.25]","(-10553.8, -9426.2]","(-10416.25, -8912.7]","(-26354.3, -26086.2]","(-298.2, 1382.6]","(20033.4, 21625.1]","(-4193.3, -1350.2]","(2297.35, 4345.3]","(-1487.0, 1000.2]","(-13336.65, -11211.6]","(-14069.4, -13003.0]","(249.25, 2177.2]","(-13813.5, -12768.25]","(-32690.4, -32690.0]","(-18481.7, -17272.65]","(-3377.6, -1889.0]","(280.6, 2173.0]","(-28669.6, -28393.5]","(-16751.8, -16042.5]","(31832.3, 32767.0]","(-8268.6, -7933.25]","(-21807.234, -20469.3]","(-6371.4, -4607.6]","(-23083.25, -21921.9]","(-18585.4, -17744.25]","(-22906.72, -21799.0]","(17141.0, 18391.8]",1.38,2,0
"(-7781.0, -7215.0]","(-11678.5, -10486.0]","(-18702.2, -17825.25]","(-10553.8, -9426.2]","(-10416.25, -8912.7]","(-26354.3, -26086.2]","(-298.2, 1382.6]","(20033.4, 21625.1]","(-4193.3, -1350.2]","(2297.35, 4345.3]","(-1487.0, 1000.2]","(-13336.65, -11211.6]","(-14069.4, -13003.0]","(249.25, 2177.2]","(-13813.5, -12768.25]","(-32690.4, -32690.0]","(-17272.65, -16063.6]","(-3377.6, -1889.0]","(280.6, 2173.0]","(-28945.7, -28669.6]","(-16751.8, -16042.5]","(31832.3, 32767.0]","(-8268.6, -7933.25]","(-21807.234, -20469.3]","(-6371.4, -4607.6]","(-23083.25, -21921.9]","(-18585.4, -17744.25]","(-22906.72, -21799.0]","(17141.0, 18391.8]",1.41,2,0
"(-7781.0, -7215.0]","(-11678.5, -10486.0]","(-18702.2, -17825.25]","(-10553.8, -9426.2]","(-8912.7, -7409.15]","(-26354.3, -26086.2]","(-298.2, 1382.6]","(20033.4, 21625.1]","(-4193.3, -1350.2]","(2297.35, 4345.3]","(-1487.0, 1000.2]","(-13336.65, -11211.6]","(-14069.4, -13003.0]","(249.25, 2177.2]","(-13813.5, -12768.25]","(-32690.4, -32690.0]","(-17272.65, -16063.6]","(-3377.6, -1889.0]","(280.6, 2173.0]","(-28669.6, -28393.5]","(-16751.8, -16042.5]","(31832.3, 32767.0]","(-8268.6, -7933.25]","(-21807.234, -20469.3]","(-6371.4, -4607.6]","(-23083.25, -21921.9]","(-17744.25, -16903.1]","(-22906.72, -21799.0]","(17141.0, 18391.8]",1.44,2,0
"(-7781.0, -7215.0]","(-11678.5, -10486.0]","(-17825.25, -16948.3]","(-10553.8, -9426.2]","(-8912.7, -7409.15]","(-26354.3, -26086.2]","(-298.2, 1382.6]","(20033.4, 21625.1]","(-4193.3, -1350.2]","(2297.35, 4345.3]","(-1487.0, 1000.2]","(-13336.65, -11211.6]","(-14069.4, -13003.0]","(-1678.7, 249.25]","(-16949.25, -15904.0]","(-32691.2, -32690.8]","(-16063.6, -14854.55]","(-1889.0, -400.4]","(280.6, 2173.0]","(-28945.7, -28669.6]","(-16751.8, -16042.5]","(31832.3, 32767.0]","(-8268.6, -7933.25]","(-21807.234, -20469.3]","(-6371.4, -4607.6]","(-23083.25, -21921.9]","(-17744.25, -16903.1]","(-22906.72, -21799.0]","(17141.0, 18391.8]",1.47,2,0
"(-7781.0, -7215.0]","(-11678.5, -10486.0]","(-17825.25, -16948.3]","(-10553.8, -9426.2]","(-8912.7, -7409.15]","(-26354.3, -26086.2]","(-298.2, 1382.6]","(20033.4, 21625.1]","(-4193.3, -1350.2]","(2297.35, 4345.3]","(-1487.0, 1000.2]","(-13336.65, -11211.6]","(-14069.4, -13003.0]","(249.25, 2177.2]","(-15904.0, -14858.75]","(-32690.4, -32690.0]","(-16063.6, -14854.55]","(-1889.0, -400.4]","(2173.0, 4065.4]","(-28945.7, -28669.6]","(-16751.8, -16042.5]","(31832.3, 32767.0]","(-8268.6, -7933.25]","(-21807.234, -20469.3]","(-6371.4, -4607.6]","(-23083.25, -21921.9]","(-17744.25, -16903.1]","(-22906.72, -21799.0]","(17141.0, 18391.8]",1.5,2,0
"(-7781.0, -7215.0]","(-11678.5, -10486.0]","(-17825.25, -16948.3]","(-10553.8, -9426.2]","(-8912.7, -7409.15]","(-26354.3, -26086.2]","(-298.2, 1382.6]","(20033.4, 21625.1]","(-4193.3, -1350.2]","(2297.35, 4345.3]","(-1487.0, 1000.2]","(-13336.65, -11211.6]","(-15135.8, -14069.4]","(249.25, 2177.2]","(-13813.5, -12768.25]","(-32691.2, -32690.8]","(-14854.55, -13645.5]","(-1889.0, -400.4]","(2173.0, 4065.4]","(-28945.7, -28669.6]","(-16751.8, -16042.5]","(31832.3, 32767.0]","(-8268.6, -7933.25]","(-21807.234, -20469.3]","(-6371.4, -4607.6]","(-23083.25, -21921.9]","(-17744.25, -16903.1]","(-22906.72, -21799.0]","(17141.0, 18391.8]",1.53,2,0
"(-7781.0, -7215.0]","(-11678.5, -10486.0]","(-17825.25, -16948.3]","(-9426.2, -8298.6]","(-8912.7, -7409.15]","(-26354.3, -26086.2]","(-298.2, 1382.6]","(20033.4, 21625.1]","(-4193.3, -1350.2]","(2297.35, 4345.3]","(-1487.0, 1000.2]","(-13336.65, -11211.6]","(-14069.4, -13003.0]","(-1678.7, 249.25]","(-17994.5, -16949.25]","(-32690.4, -32690.0]","(-13645.5, -12436.45]","(-400.4, 1088.2]","(2173.0, 4065.4]","(-28945.7, -28669.6]","(-16751.8, -16042.5]","(31832.3, 32767.0]","(-8268.6, -7933.25]","(-21807.234, -20469.3]","(-6371.4, -4607.6]","(-23083.25, -21921.9]","(-17744.25, -16903.1]","(-22906.72, -21799.0]","(17141.0, 18391.8]",1.56,2,0
"(-7781.0, -7215.0]","(-11678.5, -10486.0]","(-17825.25, -16948.3]","(-9426.2, -8298.6]","(-8912.7, -7409.15]","(-26354.3, -26086.2]","(-298.2, 1382.6]","(20033.4, 21625.1]","(-4193.3, -1350.2]","(4345.3, 6393.25]","(-1487.0, 1000.2]","(-13336.65, -11211.6]","(-14069.4, -13003.0]","(-1678.7, 249.25]","(-19039.75, -17994.5]","(-32688.4, -32688.0]","(-13645.5, -12436.45]","(-400.4, 1088.2]","(2173.0, 4065.4]","(-28945.7, -28669.6]","(-16751.8, -16042.5]","(31832.3, 32767.0]","(-8268.6, -7933.25]","(-21807.234, -20469.3]","(-6371.4, -4607.6]","(-23083.25, -21921.9]","(-17744.25, -16903.1]","(-22906.72, -21799.0]","(17141.0, 18391.8]",1.5899999999999999,2,0
"(-7781.0, -7215.0]","(-11678.5, -10486.0]","(-17825.25, -16948.3]","(-9426.2, -8298.6]","(-7409.15, -5905.6]","(-26354.3, -26086.2]","(-298.2, 1382.6]","(20033.4, 21625.1]","(-4193.3, -1350.2]","(4345.3, 6393.25]","(-1487.0, 1000.2]","(-13336.65, -11211.6]","(-14069.4, -13003.0]","(-1678.7, 249.25]","(-20085.0, -19039.75]","(-32691.2, -32690.8]","(-12436.45, -11227.4]","(-400.4, 1088.2]","(2173.0, 4065.4]","(-28945.7, -28669.6]","(-16751.8, -16042.5]","(31832.3, 32767.0]","(-8268.6, -7933.25]","(-21807.234, -20469.3]","(-6371.4, -4607.6]","(-23083.25, -21921.9]","(-17744.25, -16903.1]","(-22906.72, -21799.0]","(17141.0, 18391.8]",1.6199999999999999,2,0
"(-7781.0, -7215.0]","(-11678.5, -10486.0]","(-17825.25, -16948.3]","(-9426.2, -8298.6]","(-7409.15, -5905.6]","(-26354.3, -26086.2]","(-298.2, 1382.6]","(20033.4, 21625.1]","(-4193.3, -1350.2]","(4345.3, 6393.25]","(-1487.0, 1000.2]","(-13336.65, -11211.6]","(-14069.4, -13003.0]","(-1678.7, 249.25]","(-20085.0, -19039.75]","(-32689.2, -32688.8]","(-11227.4, -10018.35]","(1088.2, 2576.8]","(2173.0, 4065.4]","(-28945.7, -28669.6]","(-16751.8, -16042.5]","(30897.6, 31832.3]","(-8268.6, -7933.25]","(-21807.234, -20469.3]","(-6371.4, -4607.6]","(-23083.25, -21921.9]","(-17744.25, -16903.1]","(-22906.72, -21799.0]","(17141.0, 18391.8]",1.65,2,0
"(-7781.0, -7215.0]","(-11678.5, -10486.0]","(-17825.25, -16948.3]","(-9426.2, -8298.6]","(-7409.15, -5905.6]","(-26354.3, -26086.2]","(-298.2, 1382.6]","(20033.4, 21625.1]","(-4193.3, -1350.2]","(4345.3, 6393.25]","(-1487.0, 1000.2]","(-13336.65, -11211.6]","(-14069.4, -13003.0]","(-1678.7, 249.25]","(-20085.0, -19039.75]","(-32689.2, -32688.8]","(-11227.4, -10018.35]","(1088.2, 2576.8]","(2173.0, 4065.4]","(-28945.7, -28669.6]","(-16751.8, -16042.5]","(29962.9, 30897.6]","(-8268.6, -7933.25]","(-21807.234, -20469.3]","(-6371.4, -4607.6]","(-23083.25, -21921.9]","(-17744.25, -16903.1]","(-21799.0, -20713.0]","(17141.0, 18391.8]",1.68,2,0
"(-7781.0, -7215.0]","(-11678.5, -10486.0]","(-16948.3, -16071.35]","(-8298.6, -7171.0]","(-7409.15, -5905.6]","(-26354.3, -26086.2]","(-298.2, 1382.6]","(20033.4, 21625.1]","(-4193.3, -1350.2]","(4345.3, 6393.25]","(-1487.0, 1000.2]","(-13336.65, -11211.6]","(-14069.4, -13003.0]","(-1678.7, 249.25]","(-19039.75, -17994.5]","(-32690.4, -32690.0]","(-10018.35, -8809.3]","(1088.2, 2576.8]","(2173.0, 4065.4]","(-28945.7, -28669.6]","(-16751.8, -16042.5]","(29028.2, 29962.9]","(-8268.6, -7933.25]","(-21807.234, -20469.3]","(-6371.4, -4607.6]","(-23083.25, -21921.9]","(-17744.25, -16903.1]","(-21799.0, -20713.0]","(17141.0, 18391.8]",1.71,2,0
"(-7781.0, -7215.0]","(-11678.5, -10486.0]","(-16948.3, -16071.35]","(-8298.6, -7171.0]","(-7409.15, -5905.6]","(-26354.3, -26086.2]","(-298.2, 1382.6]","(20033.4, 21625.1]","(-4193.3, -1350.2]","(4345.3, 6393.25]","(-1487.0, 1000.2]","(-13336.65, -11211.6]","(-15135.8, -14069.4]","(-1678.7, 249.25]","(-19039.75, -17994.5]","(-32690.4, -32690.0]","(-10018.35, -8809.3]","(1088.2, 2576.8]","(2173.0, 4065.4]","(-28945.7, -28669.6]","(-16751.8, -16042.5]","(29028.2, 29962.9]","(-8268.6, -7933.25]","(-21807.234, -20469.3]","(-6371.4, -4607.6]","(-23083.25, -21921.9]","(-17744.25, -16903.1]","(-21799.0, -20713.0]","(17141.0, 18391.8]",1.74,2,0
"(-7781.0, -7215.0]","(-11678.5, -10486.0]","(-16948.3, -16071.35]","(-8298.6, -7171.0]","(-5905.6, -4402.05]","(-26354.3, -26086.2]","(-298.2, 1382.6]","(21625.1, 23216.8]","(-1350.2, 1492.9]","(4345.3, 6393.25]","(-1487.0, 1000.2]","(-13336.65, -11211.6]","(-14069.4, -13003.0]","(-1678.7, 249.25]","(-20085.0, -19039.75]","(-32690.4, -32690.0]","(-8809.3, -7600.25]","(2576.8, 4065.4]","(2173.0, 4065.4]","(-28945.7, -28669.6]","(-16751.8, -16042.5]","(28093.5, 29028.2]","(-8268.6, -7933.25]","(-21807.234, -20469.3]","(-6371.4, -4607.6]","(-23083.25, -21921.9]","(-17744.25, -16903.1]","(-21799.0, -20713.0]","(17141.0, 18391.8]",1.77,2,0
"(-7781.0, -7215.0]","(-10486.0, -9293.5]","(-16948.3, -16071.35]","(-8298.6, -7171.0]","(-5905.6, -4402.05]","(-26354.3, -26086.2]","(-298.2, 1382.6]","(21625.1, 23216.8]","(-1350.2, 1492.9]","(4345.3, 6393.25]","(-1487.0, 1000.2]","(-13336.65, -11211.6]","(-15135.8, -14069.4]","(-1678.7, 249.25]","(-19039.75, -17994.5]","(-32688.4, -32688.0]","(-8809.3, -7600.25]","(2576.8, 4065.4]","(2173.0, 4065.4]","(-28945.7, -28669.6]","(-16751.8, -16042.5]","(27158.8, 28093.5]","(-8268.6, -7933.25]","(-21807.234, -20469.3]","(-6371.4, -4607.6]","(-23083.25, -21921.9]","(-16903.1, -16061.95]","(-21799.0, -20713.0]","(17141.0, 18391.8]",1.7999999999999998,2,0
"(-7781.0, -7215.0]","(-10486.0, -9293.5]","(-16948.3, -16071.35]","(-7171.0, -6043.4]","(-5905.6, -4402.05]","(-26354.3, -26086.2]","(-298.2, 1382.6]","(20033.4, 21625.1]","(-1350.2, 1492.9]","(2297.35, 4345.3]","(-3974.2, -1487.0]","(-15461.7, -13336.65]","(-15135.8, -14069.4]","(-1678.7, 249.25]","(-15904.0, -14858.75]","(-32690.4, -32690.0]","(-8809.3, -7600.25]","(2576.8, 4065.4]","(2173.0, 4065.4]","(-28945.7, -28669.6]","(-16751.8, -16042.5]","(27158.8, 28093.5]","(-8268.6, -7933.25]","(-21807.234, -20469.3]","(-6371.4, -4607.6]","(-23083.25, -21921.9]","(-17744.25, -16903.1]","(-21799.0, -20713.0]","(17141.0, 18391.8]",1.8299999999999998,2,0
"(-7781.0, -7215.0]","(-10486.0, -9293.5]","(-16948.3, -16071.35]","(-7171.0, -6043.4]","(-5905.6, -4402.05]","(-26354.3, -26086.2]","(-298.2, 1382.6]","(20033.4, 21625.1]","(-1350.2, 1492.9]","(4345.3, 6393.25]","(-3974.2, -1487.0]","(-15461.7, -13336.65]","(-15135.8, -14069.4]","(-1678.7, 249.25]","(-16949.25, -15904.0]","(-32690.4, -32690.0]","(-7600.25, -6391.2]","(2576.8, 4065.4]","(2173.0, 4065.4]","(-28945.7, -28669.6]","(-16751.8, -16042.5]","(26224.1, 27158.8]","(-8268.6, -7933.25]","(-21807.234, -20469.3]","(-6371.4, -4607.6]","(-23083.25, -21921.9]","(-17744.25, -16903.1]","(-21799.0, -20713.0]","(18391.8, 19642.6]",1.8599999999999999,2,0
"(-7781.0, -7215.0]","(-10486.0, -9293.5]","(-16948.3, -16071.35]","(-7171.0, -6043.4]","(-5905.6, -4402.05]","(-26354.3, -26086.2]","(-298.2, 1382.6]","(20033.4, 21625.1]","(-1350.2, 1492.9]","(4345.3, 6393.25]","(-3974.2, -1487.0]","(-15461.7, -13336.65]","(-15135.8, -14069.4]","(-1678.7, 249.25]","(-17994.5, -16949.25]","(-32690.4, -32690.0]","(-7600.25, -6391.2]","(2576.8, 4065.4]","(2173.0, 4065.4]","(-28945.7, -28669.6]","(-16751.8, -16042.5]","(26224.1, 27158.8]","(-8268.6, -7933.25]","(-21807.234, -20469.3]","(-6371.4, -4607.6]","(-23083.25, -21921.9]","(-17744.25, -16903.1]","(-21799.0, -20713.0]","(18391.8, 19642.6]",1.89,2,0
"(-7781.0, -7215.0]","(-10486.0, -9293.5]","(-16071.35, -15194.4]","(-7171.0, -6043.4]","(-5905.6, -4402.05]","(-26354.3, -26086.2]","(-298.2, 1382.6]","(21625.1, 23216.8]","(-1350.2, 1492.9]","(4345.3, 6393.25]","(-3974.2, -1487.0]","(-15461.7, -13336.65]","(-15135.8, -14069.4]","(-1678.7, 249.25]","(-19039.75, -17994.5]","(-32690.4, -32690.0]","(-7600.25, -6391.2]","(2576.8, 4065.4]","(2173.0, 4065.4]","(-28945.7, -28669.6]","(-16751.8, -16042.5]","(25289.4, 26224.1]","(-8268.6, -7933.25]","(-21807.234, -20469.3]","(-6371.4, -4607.6]","(-23083.25, -21921.9]","(-17744.25, -16903.1]","(-21799.0, -20713.0]","(18391.8, 19642.6]",1.92,2,0
"(-7781.0, -7215.0]","(-10486.0, -9293.5]","(-16071.35, -15194.4]","(-7171.0, -6043.4]","(-4402.05, -2898.5]","(-26354.3, -26086.2]","(-298.2, 1382.6]","(21625.1, 23216.8]","(-1350.2, 1492.9]","(4345.3, 6393.25]","(-3974.2, -1487.0]","(-15461.7, -13336.65]","(-15135.8, -14069.4]","(-1678.7, 249.25]","(-19039.75, -17994.5]","(-32689.2, -32688.8]","(-7600.25, -6391.2]","(2576.8, 4065.4]","(2173.0, 4065.4]","(-28945.7, -28669.6]","(-16751.8, -16042.5]","(25289.4, 26224.1]","(-8268.6, -7933.25]","(-21807.234, -20469.3]","(-6371.4, -4607.6]","(-23083.25, -21921.9]","(-17744.25, -16903.1]","(-21799.0, -20713.0]","(18391.8, 19642.6]",1.95,2,0
"(-7781.0, -7215.0]","(-9293.5, -8101.0]","(-16071.35, -15194.4]","(-6043.4, -4915.8]","(-4402.05, -2898.5]","(-26354.3, -26086.2]","(-298.2, 1382.6]","(21625.1, 23216.8]","(-1350.2, 1492.9]","(4345.3, 6393.25]","(-3974.2, -1487.0]","(-15461.7, -13336.65]","(-15135.8, -14069.4]","(-1678.7, 249.25]","(-17994.5, -16949.25]","(-32691.2, -32690.8]","(-7600.25, -6391.2]","(2576.8, 4065.4]","(2173.0, 4065.4]","(-28945.7, -28669.6]","(-16751.8, -16042.5]","(25289.4, 26224.1]","(-8268.6, -7933.25]","(-21807.234, -20469.3]","(-6371.4, -4607.6]","(-23083.25, -21921.9]","(-17744.25, -16903.1]","(-21799.0, -20713.0]","(18391.8, 19642.6]",1.98,2,0
"(-7781.0, -7215.0]","(-9293.5, -8101.0]","(-16071.35, -15194.4]","(-6043.4, -4915.8]","(-4402.05, -2898.5]","(-26354.3, -26086.2]","(-298.2, 1382.6]","(21625.1, 23216.8]","(-1350.2, 1492.9]","(4345.3, 6393.25]","(-3974.2, -1487.0]","(-15461.7, -13336.65]","(-15135.8, -14069.4]","(-1678.7, 249.25]","(-17994.5, -16949.25]","(-32690.4, -32690.0]","(-7600.25, -6391.2]","(2576.8, 4065.4]","(2173.0, 4065.4]","(-28945.7, -28669.6]","(-16751.8, -16042.5]","(24354.7, 25289.4]","(-8268.6, -7933.25]","(-21807.234, -20469.3]","(-6371.4, -4607.6]","(-23083.25, -21921.9]","(-17744.25, -16903.1]","(-21799.0, -20713.0]","(18391.8, 19642.6]",2.01,2,0
"(-7781.0, -7215.0]","(-9293.5, -8101.0]","(-16071.35, -15194.4]","(-6043.4, -4915.8]","(-4402.05, -2898.5]","(-26086.2, -25818.1]","(-298.2, 1382.6]","(21625.1, 23216.8]","(-1350.2, 1492.9]","(4345.3, 6393.25]","(-3974.2, -1487.0]","(-15461.7, -13336.65]","(-15135.8, -14069.4]","(-1678.7, 249.25]","(-17994.5, -16949.25]","(-32690.4, -32690.0]","(-6391.2, -5182.15]","(2576.8, 4065.4]","(280.6, 2173.0]","(-28945.7, -28669.6]","(-16751.8, -16042.5]","(24354.7, 25289.4]","(-8268.6, -7933.25]","(-21807.234, -20469.3]","(-6371.4, -4607.6]","(-23083.25, -21921.9]","(-17744.25, -16903.1]","(-21799.0, -20713.0]","(18391.8, 19642.6]",2.04,2,0
"(-7781.0, -7215.0]","(-9293.5, -8101.0]","(-16071.35, -15194.4]","(-6043.4, -4915.8]","(-4402.05, -2898.5]","(-26086.2, -25818.1]","(-298.2, 1382.6]","(21625.1, 23216.8]","(-1350.2, 1492.9]","(4345.3, 6393.25]","(-3974.2, -1487.0]","(-15461.7, -13336.65]","(-15135.8, -14069.4]","(-1678.7, 249.25]","(-17994.5, -16949.25]","(-32689.2, -32688.8]","(-6391.2, -5182.15]","(2576.8, 4065.4]","(280.6, 2173.0]","(-28945.7, -28669.6]","(-16751.8, -16042.5]","(23420.0, 24354.7]","(-8268.6, -7933.25]","(-21807.234, -20469.3]","(-8135.2, -6371.4]","(-23083.25, -21921.9]","(-17744.25, -16903.1]","(-21799.0, -20713.0]","(18391.8, 19642.6]",2.07,2,0
"(-7781.0, -7215.0]","(-9293.5, -8101.0]","(-16071.35, -15194.4]","(-6043.4, -4915.8]","(-4402.05, -2898.5]","(-26086.2, -25818.1]","(-298.2, 1382.6]","(21625.1, 23216.8]","(-1350.2, 1492.9]","(4345.3, 6393.25]","(-3974.2, -1487.0]","(-15461.7, -13336.65]","(-15135.8, -14069.4]","(-1678.7, 249.25]","(-17994.5, -16949.25]","(-32689.2, -32688.8]","(-6391.2, -5182.15]","(2576.8, 4065.4]","(280.6, 2173.0]","(-28945.7, -28669.6]","(-16751.8, -16042.5]","(23420.0, 24354.7]","(-8268.6, -7933.25]","(-21807.234, -20469.3]","(-8135.2, -6371.4]","(-23083.25, -21921.9]","(-17744.25, -16903.1]","(-21799.0, -20713.0]","(18391.8, 19642.6]",2.1,2,0
"(-7781.0, -7215.0]","(-8101.0, -6908.5]","(-16071.35, -15194.4]","(-4915.8, -3788.2]","(-2898.5, -1394.95]","(-26086.2, -25818.1]","(-298.2, 1382.6]","(21625.1, 23216.8]","(1492.9, 4336.0]","(4345.3, 6393.25]","(-3974.2, -1487.0]","(-15461.7, -13336.65]","(-15135.8, -14069.4]","(-1678.7, 249.25]","(-17994.5, -16949.25]","(-32690.4, -32690.0]","(-6391.2, -5182.15]","(2576.8, 4065.4]","(280.6, 2173.0]","(-28945.7, -28669.6]","(-16751.8, -16042.5]","(23420.0, 24354.7]","(-7933.25, -7597.9]","(-21807.234, -20469.3]","(-8135.2, -6371.4]","(-23083.25, -21921.9]","(-17744.25, -16903.1]","(-21799.0, -20713.0]","(18391.8, 19642.6]",2.13,2,0
"(-7781.0, -7215.0]","(-8101.0, -6908.5]","(-16071.35, -15194.4]","(-4915.8, -3788.2]","(-2898.5, -1394.95]","(-26086.2, -25818.1]","(-298.2, 1382.6]","(20033.4, 21625.1]","(1492.9, 4336.0]","(4345.3, 6393.25]","(-3974.2, -1487.0]","(-15461.7, -13336.65]","(-16202.2, -15135.8]","(-3606.65, -1678.7]","(-14858.75, -13813.5]","(-32689.2, -32688.8]","(-6391.2, -5182.15]","(2576.8, 4065.4]","(280.6, 2173.0]","(-28945.7, -28669.6]","(-16751.8, -16042.5]","(22485.3, 23420.0]","(-7933.25, -7597.9]","(-21807.234, -20469.3]","(-8135.2, -6371.4]","(-23083.25, -21921.9]","(-17744.25, -16903.1]","(-21799.0, -20713.0]","(18391.8, 19642.6]",2.16,2,0
"(-7781.0, -7215.0]","(-8101.0, -6908.5]","(-16071.35, -15194.4]","(-4915.8, -3788.2]","(-2898.5, -1394.95]","(-26086.2, -25818.1]","(-298.2, 1382.6]","(20033.4, 21625.1]","(-1350.2, 1492.9]","(2297.35, 4345.3]","(-3974.2, -1487.0]","(-15461.7, -13336.65]","(-16202.2, -15135.8]","(-3606.65, -1678.7]","(-13813.5, -12768.25]","(-32690.4, -32690.0]","(-6391.2, -5182.15]","(2576.8, 4065.4]","(280.6, 2173.0]","(-28945.7, -28669.6]","(-16751.8, -16042.5]","(22485.3, 23420.0]","(-7933.25, -7597.9]","(-21807.234, -20469.3]","(-8135.2, -6371.4]","(-23083.25, -21921.9]","(-17744.25, -16903.1]","(-21799.0, -20713.0]","(18391.8, 19642.6]",2.19,2,0
"(-7781.0, -7215.0]","(-8101.0, -6908.5]","(-15194.4, -14317.45]","(-3788.2, -2660.6]","(-2898.5, -1394.95]","(-26086.2, -25818.1]","(-298.2, 1382.6]","(21625.1, 23216.8]","(1492.9, 4336.0]","(2297.35, 4345.3]","(-3974.2, -1487.0]","(-17586.75, -15461.7]","(-16202.2, -15135.8]","(-3606.65, -1678.7]","(-14858.75, -13813.5]","(-32689.2, -32688.8]","(-6391.2, -5182.15]","(2576.8, 4065.4]","(280.6, 2173.0]","(-29221.8, -28945.7]","(-17461.1, -16751.8]","(21550.6, 22485.3]","(-7933.25, -7597.9]","(-21807.234, -20469.3]","(-8135.2, -6371.4]","(-23083.25, -21921.9]","(-17744.25, -16903.1]","(-21799.0, -20713.0]","(18391.8, 19642.6]",2.2199999999999998,2,0
"(-7781.0, -7215.0]","(-8101.0, -6908.5]","(-15194.4, -14317.45]","(-3788.2, -2660.6]","(-2898.5, -1394.95]","(-26086.2, -25818.1]","(-298.2, 1382.6]","(20033.4, 21625.1]","(-1350.2, 1492.9]","(2297.35, 4345.3]","(-6461.4, -3974.2]","(-17586.75, -15461.7]","(-16202.2, -15135.8]","(-3606.65, -1678.7]","(-10677.75, -9632.5]","(-32690.4, -32690.0]","(-6391.2, -5182.15]","(1088.2, 2576.8]","(-1611.8, 280.6]","(-29221.8, -28945.7]","(-17461.1, -16751.8]","(21550.6, 22485.3]","(-7933.25, -7597.9]","(-21807.234, -20469.3]","(-8135.2, -6371.4]","(-23083.25, -21921.9]","(-17744.25, -16903.1]","(-21799.0, -20713.0]","(18391.8, 19642.6]",2.25,2,0
"(-7781.0, -7215.0]","(-8101.0, -6908.5]","(-15194.4, -14317.45]","(-3788.2, -2660.6]","(-1394.95, 108.6]","(-26086.2, -25818.1]","(-298.2, 1382.6]","(20033.4, 21625.1]","(-1350.2, 1492.9]","(2297.35, 4345.3]","(-6461.4, -3974.2]","(-17586.75, -15461.7]","(-16202.2, -15135.8]","(-5534.6, -3606.65]","(-10677.75, -9632.5]","(-32690.4, -32690.0]","(-6391.2, -5182.15]","(1088.2, 2576.8]","(-1611.8, 280.6]","(-29221.8, -28945.7]","(-17461.1, -16751.8]","(21550.6, 22485.3]","(-7933.25, -7597.9]","(-21807.234, -20469.3]","(-8135.2, -6371.4]","(-23083.25, -21921.9]","(-17744.25, -16903.1]","(-21799.0, -20713.0]","(18391.8, 19642.6]",2.28,2,0
"(-7781.0, -7215.0]","(-8101.0, -6908.5]","(-15194.4, -14317.45]","(-3788.2, -2660.6]","(-1394.95, 108.6]","(-26086.2, -25818.1]","(-298.2, 1382.6]","(20033.4, 21625.1]","(-1350.2, 1492.9]","(2297.35, 4345.3]","(-6461.4, -3974.2]","(-17586.75, -15461.7]","(-17268.6, -16202.2]","(-5534.6, -3606.65]","(-8587.25, -7542.0]","(-32690.4, -32690.0]","(-6391.2, -5182.15]","(1088.2, 2576.8]","(-1611.8, 280.6]","(-29221.8, -28945.7]","(-17461.1, -16751.8]","(20615.9, 21550.6]","(-7933.25, -7597.9]","(-21807.234, -20469.3]","(-8135.2, -6371.4]","(-23083.25, -21921.9]","(-17744.25, -16903.1]","(-21799.0, -20713.0]","(18391.8, 19642.6]",2.31,2,0
"(-7781.0, -7215.0]","(-6908.5, -5716.0]","(-15194.4, -14317.45]","(-2660.6, -1533.0]","(-1394.95, 108.6]","(-26086.2, -25818.1]","(1382.6, 3063.4]","(20033.4, 21625.1]","(-1350.2, 1492.9]","(2297.35, 4345.3]","(-6461.4, -3974.2]","(-17586.75, -15461.7]","(-17268.6, -16202.2]","(-5534.6, -3606.65]","(-8587.25, -7542.0]","(-32689.2, -32688.8]","(-6391.2, -5182.15]","(1088.2, 2576.8]","(-1611.8, 280.6]","(-29221.8, -28945.7]","(-17461.1, -16751.8]","(20615.9, 21550.6]","(-7933.25, -7597.9]","(-21807.234, -20469.3]","(-8135.2, -6371.4]","(-23083.25, -21921.9]","(-17744.25, -16903.1]","(-21799.0, -20713.0]","(18391.8, 19642.6]",2.34,2,0
"(-7781.0, -7215.0]","(-6908.5, -5716.0]","(-15194.4, -14317.45]","(-2660.6, -1533.0]","(-1394.95, 108.6]","(-26086.2, -25818.1]","(1382.6, 3063.4]","(20033.4, 21625.1]","(-1350.2, 1492.9]","(2297.35, 4345.3]","(-6461.4, -3974.2]","(-17586.75, -15461.7]","(-17268.6, -16202.2]","(-5534.6, -3606.65]","(-8587.25, -7542.0]","(-32690.4, -32690.0]","(-6391.2, -5182.15]","(1088.2, 2576.8]","(-1611.8, 280.6]","(-29221.8, -28945.7]","(-17461.1, -16751.8]","(20615.9, 21550.6]","(-7933.25, -7597.9]","(-21807.234, -20469.3]","(-8135.2, -6371.4]","(-23083.25, -21921.9]","(-17744.25, -16903.1]","(-21799.0, -20713.0]","(18391.8, 19642.6]",2.37,2,0
"(-7781.0, -7215.0]","(-6908.5, -5716.0]","(-15194.4, -14317.45]","(-2660.6, -1533.0]","(-1394.95, 108.6]","(-25818.1, -25550.0]","(1382.6, 3063.4]","(20033.4, 21625.1]","(1492.9, 4336.0]","(2297.35, 4345.3]","(-6461.4, -3974.2]","(-17586.75, -15461.7]","(-17268.6, -16202.2]","(-5534.6, -3606.65]","(-8587.25, -7542.0]","(-32690.4, -32690.0]","(-6391.2, -5182.15]","(1088.2, 2576.8]","(-3504.2, -1611.8]","(-29221.8, -28945.7]","(-17461.1, -16751.8]","(20615.9, 21550.6]","(-7933.25, -7597.9]","(-21807.234, -20469.3]","(-8135.2, -6371.4]","(-23083.25, -21921.9]","(-17744.25, -16903.1]","(-21799.0, -20713.0]","(18391.8, 19642.6]",2.4,2,0
"(-7781.0, -7215.0]","(-6908.5, -5716.0]","(-15194.4, -14317.45]","(-2660.6, -1533.0]","(-1394.95, 108.6]","(-25818.1, -25550.0]","(1382.6, 3063.4]","(20033.4, 21625.1]","(1492.9, 4336.0]","(2297.35, 4345.3]","(-6461.4, -3974.2]","(-17586.75, -15461.7]","(-17268.6, -16202.2]","(-7462.55, -5534.6]","(-8587.25, -7542.0]","(-32689.2, -32688.8]","(-6391.2, -5182.15]","(1088.2, 2576.8]","(-3504.2, -1611.8]","(-29221.8, -28945.7]","(-17461.1, -16751.8]","(20615.9, 21550.6]","(-7933.25, -7597.9]","(-21807.234, -20469.3]","(-8135.2, -6371.4]","(-23083.25, -21921.9]","(-17744.25, -16903.1]","(-21799.0, -20713.0]","(18391.8, 19642.6]",2.4299999999999997,2,0
"(-7781.0, -7215.0]","(-6908.5, -5716.0]","(-14317.45, -13440.5]","(-2660.6, -1533.0]","(-1394.95, 108.6]","(-25818.1, -25550.0]","(1382.6, 3063.4]","(20033.4, 21625.1]","(1492.9, 4336.0]","(2297.35, 4345.3]","(-6461.4, -3974.2]","(-17586.75, -15461.7]","(-17268.6, -16202.2]","(-7462.55, -5534.6]","(-8587.25, -7542.0]","(-32690.4, -32690.0]","(-6391.2, -5182.15]","(1088.2, 2576.8]","(-3504.2, -1611.8]","(-29221.8, -28945.7]","(-17461.1, -16751.8]","(20615.9, 21550.6]","(-7933.25, -7597.9]","(-21807.234, -20469.3]","(-8135.2, -6371.4]","(-23083.25, -21921.9]","(-17744.25, -16903.1]","(-21799.0, -20713.0]","(18391.8, 19642.6]",2.46,2,0
"(-7781.0, -7215.0]","(-6908.5, -5716.0]","(-14317.45, -13440.5]","(-2660.6, -1533.0]","(-1394.95, 108.6]","(-25818.1, -25550.0]","(1382.6, 3063.4]","(20033.4, 21625.1]","(1492.9, 4336.0]","(2297.35, 4345.3]","(-6461.4, -3974.2]","(-17586.75, -15461.7]","(-17268.6, -16202.2]","(-7462.55, -5534.6]","(-9632.5, -8587.25]","(-32690.4, -32690.0]","(-6391.2, -5182.15]","(1088.2, 2576.8]","(-5396.6, -3504.2]","(-29221.8, -28945.7]","(-17461.1, -16751.8]","(20615.9, 21550.6]","(-7933.25, -7597.9]","(-21807.234, -20469.3]","(-8135.2, -6371.4]","(-23083.25, -21921.9]","(-17744.25, -16903.1]","(-21799.0, -20713.0]","(18391.8, 19642.6]",2.4899999999999998,2,0
"(-7781.0, -7215.0]","(-6908.5, -5716.0]","(-14317.45, -13440.5]","(-2660.6, -1533.0]","(-1394.95, 108.6]","(-25818.1, -25550.0]","(1382.6, 3063.4]","(20033.4, 21625.1]","(1492.9, 4336.0]","(2297.35, 4345.3]","(-6461.4, -3974.2]","(-17586.75, -15461.7]","(-17268.6, -16202.2]","(-7462.55, -5534.6]","(-9632.5, -8587.25]","(-32690.4, -32690.0]","(-7600.25, -6391.2]","(1088.2, 2576.8]","(-5396.6, -3504.2]","(-29221.8, -28945.7]","(-17461.1, -16751.8]","(21550.6, 22485.3]","(-7933.25, -7597.9]","(-21807.234, -20469.3]","(-8135.2, -6371.4]","(-23083.25, -21921.9]","(-17744.25, -16903.1]","(-21799.0, -20713.0]","(18391.8, 19642.6]",2.52,2,0
"(-7781.0, -7215.0]","(-6908.5, -5716.0]","(-14317.45, -13440.5]","(-1533.0, -405.4]","(-1394.95, 108.6]","(-25550.0, -25281.9]","(1382.6, 3063.4]","(20033.4, 21625.1]","(1492.9, 4336.0]","(2297.35, 4345.3]","(-6461.4, -3974.2]","(-17586.75, -15461.7]","(-17268.6, -16202.2]","(-7462.55, -5534.6]","(-9632.5, -8587.25]","(-32690.4, -32690.0]","(-7600.25, -6391.2]","(-400.4, 1088.2]","(-5396.6, -3504.2]","(-29221.8, -28945.7]","(-17461.1, -16751.8]","(21550.6, 22485.3]","(-7933.25, -7597.9]","(-21807.234, -20469.3]","(-8135.2, -6371.4]","(-23083.25, -21921.9]","(-17744.25, -16903.1]","(-21799.0, -20713.0]","(18391.8, 19642.6]",2.55,2,0
"(-7781.0, -7215.0]","(-6908.5, -5716.0]","(-14317.45, -13440.5]","(-1533.0, -405.4]","(108.6, 1612.15]","(-25550.0, -25281.9]","(1382.6, 3063.4]","(20033.4, 21625.1]","(1492.9, 4336.0]","(2297.35, 4345.3]","(-6461.4, -3974.2]","(-17586.75, -15461.7]","(-17268.6, -16202.2]","(-7462.55, -5534.6]","(-9632.5, -8587.25]","(-32690.4, -32690.0]","(-7600.25, -6391.2]","(-400.4, 1088.2]","(-5396.6, -3504.2]","(-29221.8, -28945.7]","(-17461.1, -16751.8]","(21550.6, 22485.3]","(-7933.25, -7597.9]","(-21807.234, -20469.3]","(-8135.2, -6371.4]","(-23083.25, -21921.9]","(-17744.25, -16903.1]","(-21799.0, -20713.0]","(18391.8, 19642.6]",2.58,2,0
"(-7781.0, -7215.0]","(-6908.5, -5716.0]","(-14317.45, -13440.5]","(-1533.0, -405.4]","(108.6, 1612.15]","(-25550.0, -25281.9]","(1382.6, 3063.4]","(20033.4, 21625.1]","(1492.9, 4336.0]","(2297.35, 4345.3]","(-6461.4, -3974.2]","(-19711.8, -17586.75]","(-18335.0, -17268.6]","(-7462.55, -5534.6]","(-9632.5, -8587.25]","(-32689.2, -32688.8]","(-7600.25, -6391.2]","(-400.4, 1088.2]","(-7289.0, -5396.6]","(-29221.8, -28945.7]","(-18170.4, -17461.1]","(21550.6, 22485.3]","(-7933.25, -7597.9]","(-21807.234, -20469.3]","(-8135.2, -6371.4]","(-23083.25, -21921.9]","(-17744.25, -16903.1]","(-21799.0, -20713.0]","(18391.8, 19642.6]",2.61,2,0
"(-7781.0, -7215.0]","(-6908.5, -5716.0]","(-14317.45, -13440.5]","(-1533.0, -405.4]","(108.6, 1612.15]","(-25550.0, -25281.9]","(1382.6, 3063.4]","(20033.4, 21625.1]","(1492.9, 4336.0]","(2297.35, 4345.3]","(-6461.4, -3974.2]","(-19711.8, -17586.75]","(-18335.0, -17268.6]","(-7462.55, -5534.6]","(-9632.5, -8587.25]","(-32690.4, -32690.0]","(-7600.25, -6391.2]","(-400.4, 1088.2]","(-7289.0, -5396.6]","(-29221.8, -28945.7]","(-18170.4, -17461.1]","(21550.6, 22485.3]","(-7933.25, -7597.9]","(-21807.234, -20469.3]","(-8135.2, -6371.4]","(-23083.25, -21921.9]","(-17744.25, -16903.1]","(-21799.0, -20713.0]","(18391.8, 19642.6]",2.6399999999999997,2,0
"(-7781.0, -7215.0]","(-6908.5, -5716.0]","(-14317.45, -13440.5]","(-1533.0, -405.4]","(108.6, 1612.15]","(-25550.0, -25281.9]","(1382.6, 3063.4]","(20033.4, 21625.1]","(1492.9, 4336.0]","(2297.35, 4345.3]","(-6461.4, -3974.2]","(-19711.8, -17586.75]","(-18335.0, -17268.6]","(-7462.55, -5534.6]","(-9632.5, -8587.25]","(-32690.4, -32690.0]","(-7600.25, -6391.2]","(-400.4, 1088.2]","(-7289.0, -5396.6]","(-29221.8, -28945.7]","(-18170.4, -17461.1]","(21550.6, 22485.3]","(-7933.25, -7597.9]","(-21807.234, -20469.3]","(-8135.2, -6371.4]","(-23083.25, -21921.9]","(-17744.25, -16903.1]","(-21799.0, -20713.0]","(18391.8, 19642.6]",2.67,2,0
"(-7781.0, -7215.0]","(-6908.5, -5716.0]","(-14317.45, -13440.5]","(-1533.0, -405.4]","(108.6, 1612.15]","(-25550.0, -25281.9]","(1382.6, 3063.4]","(21625.1, 23216.8]","(1492.9, 4336.0]","(2297.35, 4345.3]","(-6461.4, -3974.2]","(-19711.8, -17586.75]","(-18335.0, -17268.6]","(-7462.55, -5534.6]","(-10677.75, -9632.5]","(-32690.4, -32690.0]","(-7600.25, -6391.2]","(-400.4, 1088.2]","(-7289.0, -5396.6]","(-29221.8, -28945.7]","(-18170.4, -17461.1]","(21550.6, 22485.3]","(-7933.25, -7597.9]","(-21807.234, -20469.3]","(-8135.2, -6371.4]","(-23083.25, -21921.9]","(-17744.25, -16903.1]","(-21799.0, -20713.0]","(18391.8, 19642.6]",2.6999999999999997,2,0
"(-7781.0, -7215.0]","(-6908.5, -5716.0]","(-14317.45, -13440.5]","(-1533.0, -405.4]","(108.6, 1612.15]","(-25550.0, -25281.9]","(1382.6, 3063.4]","(21625.1, 23216.8]","(1492.9, 4336.0]","(2297.35, 4345.3]","(-8948.6, -6461.4]","(-19711.8, -17586.75]","(-18335.0, -17268.6]","(-7462.55, -5534.6]","(-9632.5, -8587.25]","(-32688.4, -32688.0]","(-7600.25, -6391.2]","(-400.4, 1088.2]","(-7289.0, -5396.6]","(-29221.8, -28945.7]","(-18170.4, -17461.1]","(21550.6, 22485.3]","(-7933.25, -7597.9]","(-21807.234, -20469.3]","(-8135.2, -6371.4]","(-23083.25, -21921.9]","(-17744.25, -16903.1]","(-21799.0, -20713.0]","(19642.6, 20893.4]",2.73,2,0
"(-7781.0, -7215.0]","(-6908.5, -5716.0]","(-14317.45, -13440.5]","(-1533.0, -405.4]","(108.6, 1612.15]","(-25281.9, -25013.8]","(3063.4, 4744.2]","(21625.1, 23216.8]","(1492.9, 4336.0]","(2297.35, 4345.3]","(-8948.6, -6461.4]","(-19711.8, -17586.75]","(-18335.0, -17268.6]","(-7462.55, -5534.6]","(-9632.5, -8587.25]","(-32689.2, -32688.8]","(-7600.25, -6391.2]","(-400.4, 1088.2]","(-7289.0, -5396.6]","(-29221.8, -28945.7]","(-18170.4, -17461.1]","(21550.6, 22485.3]","(-7933.25, -7597.9]","(-21807.234, -20469.3]","(-8135.2, -6371.4]","(-23083.25, -21921.9]","(-17744.25, -16903.1]","(-21799.0, -20713.0]","(19642.6, 20893.4]",2.76,2,0
"(-7781.0, -7215.0]","(-6908.5, -5716.0]","(-14317.45, -13440.5]","(-1533.0, -405.4]","(108.6, 1612.15]","(-25281.9, -25013.8]","(3063.4, 4744.2]","(20033.4, 21625.1]","(4336.0, 7179.1]","(2297.35, 4345.3]","(-8948.6, -6461.4]","(-19711.8, -17586.75]","(-18335.0, -17268.6]","(-7462.55, -5534.6]","(-9632.5, -8587.25]","(-32690.4, -32690.0]","(-7600.25, -6391.2]","(-400.4, 1088.2]","(-7289.0, -5396.6]","(-29221.8, -28945.7]","(-18170.4, -17461.1]","(22485.3, 23420.0]","(-7933.25, -7597.9]","(-21807.234, -20469.3]","(-8135.2, -6371.4]","(-23083.25, -21921.9]","(-17744.25, -16903.1]","(-21799.0, -20713.0]","(19642.6, 20893.4]",2.79,2,0
"(-7781.0, -7215.0]","(-6908.5, -5716.0]","(-14317.45, -13440.5]","(-1533.0, -405.4]","(108.6, 1612.15]","(-25281.9, -25013.8]","(3063.4, 4744.2]","(21625.1, 23216.8]","(4336.0, 7179.1]","(2297.35, 4345.3]","(-8948.6, -6461.4]","(-19711.8, -17586.75]","(-18335.0, -17268.6]","(-7462.55, -5534.6]","(-9632.5, -8587.25]","(-32690.4, -32690.0]","(-7600.25, -6391.2]","(-400.4, 1088.2]","(-9181.4, -7289.0]","(-29221.8, -28945.7]","(-18170.4, -17461.1]","(22485.3, 23420.0]","(-7933.25, -7597.9]","(-21807.234, -20469.3]","(-8135.2, -6371.4]","(-23083.25, -21921.9]","(-17744.25, -16903.1]","(-21799.0, -20713.0]","(19642.6, 20893.4]",2.82,2,0
"(-7215.0, -6649.0]","(-6908.5, -5716.0]","(-14317.45, -13440.5]","(-1533.0, -405.4]","(108.6, 1612.15]","(-25281.9, -25013.8]","(3063.4, 4744.2]","(21625.1, 23216.8]","(4336.0, 7179.1]","(2297.35, 4345.3]","(-8948.6, -6461.4]","(-19711.8, -17586.75]","(-18335.0, -17268.6]","(-7462.55, -5534.6]","(-9632.5, -8587.25]","(-32690.4, -32690.0]","(-7600.25, -6391.2]","(-1889.0, -400.4]","(-9181.4, -7289.0]","(-29221.8, -28945.7]","(-18170.4, -17461.1]","(22485.3, 23420.0]","(-7933.25, -7597.9]","(-21807.234, -20469.3]","(-8135.2, -6371.4]","(-23083.25, -21921.9]","(-17744.25, -16903.1]","(-21799.0, -20713.0]","(19642.6, 20893.4]",2.85,2,0
"(-7215.0, -6649.0]","(-6908.5, -5716.0]","(-14317.45, -13440.5]","(-1533.0, -405.4]","(108.6, 1612.15]","(-25281.9, -25013.8]","(3063.4, 4744.2]","(21625.1, 23216.8]","(4336.0, 7179.1]","(2297.35, 4345.3]","(-8948.6, -6461.4]","(-19711.8, -17586.75]","(-18335.0, -17268.6]","(-7462.55, -5534.6]","(-10677.75, -9632.5]","(-32690.4, -32690.0]","(-7600.25, -6391.2]","(-1889.0, -400.4]","(-9181.4, -7289.0]","(-29221.8, -28945.7]","(-18170.4, -17461.1]","(22485.3, 23420.0]","(-7933.25, -7597.9]","(-21807.234, -20469.3]","(-8135.2, -6371.4]","(-23083.25, -21921.9]","(-17744.25, -16903.1]","(-21799.0, -20713.0]","(19642.6, 20893.4]",2.88,2,0
"(-7215.0, -6649.0]","(-6908.5, -5716.0]","(-14317.45, -13440.5]","(-1533.0, -405.4]","(108.6, 1612.15]","(-25281.9, -25013.8]","(3063.4, 4744.2]","(21625.1, 23216.8]","(4336.0, 7179.1]","(2297.35, 4345.3]","(-8948.6, -6461.4]","(-19711.8, -17586.75]","(-18335.0, -17268.6]","(-7462.55, -5534.6]","(-9632.5, -8587.25]","(-32690.4, -32690.0]","(-7600.25, -6391.2]","(-1889.0, -400.4]","(-9181.4, -7289.0]","(-29221.8, -28945.7]","(-18170.4, -17461.1]","(22485.3, 23420.0]","(-7933.25, -7597.9]","(-21807.234, -20469.3]","(-8135.2, -6371.4]","(-23083.25, -21921.9]","(-17744.25, -16903.1]","(-21799.0, -20713.0]","(19642.6, 20893.4]",2.9099999999999997,2,0
"(-7215.0, -6649.0]","(-6908.5, -5716.0]","(-14317.45, -13440.5]","(-1533.0, -405.4]","(108.6, 1612.15]","(-25281.9, -25013.8]","(3063.4, 4744.2]","(21625.1, 23216.8]","(4336.0, 7179.1]","(2297.35, 4345.3]","(-8948.6, -6461.4]","(-19711.8, -17586.75]","(-18335.0, -17268.6]","(-7462.55, -5534.6]","(-9632.5, -8587.25]","(-32690.4, -32690.0]","(-7600.25, -6391.2]","(-1889.0, -400.4]","(-9181.4, -7289.0]","(-29221.8, -28945.7]","(-18170.4, -17461.1]","(22485.3, 23420.0]","(-7933.25, -7597.9]","(-21807.234, -20469.3]","(-8135.2, -6371.4]","(-23083.25, -21921.9]","(-17744.25, -16903.1]","(-21799.0, -20713.0]","(19642.6, 20893.4]",2.94,2,0
"(-7215.0, -6649.0]","(-6908.5, -5716.0]","(-14317.45, -13440.5]","(-1533.0, -405.4]","(108.6, 1612.15]","(-25281.9, -25013.8]","(3063.4, 4744.2]","(21625.1, 23216.8]","(4336.0, 7179.1]","(2297.35, 4345.3]","(-8948.6, -6461.4]","(-19711.8, -17586.75]","(-18335.0, -17268.6]","(-7462.55, -5534.6]","(-10677.75, -9632.5]","(-32690.4, -32690.0]","(-7600.25, -6391.2]","(-1889.0, -400.4]","(-9181.4, -7289.0]","(-29221.8, -28945.7]","(-18170.4, -17461.1]","(22485.3, 23420.0]","(-7933.25, -7597.9]","(-21807.234, -20469.3]","(-8135.2, -6371.4]","(-23083.25, -21921.9]","(-18585.4, -17744.25]","(-21799.0, -20713.0]","(19642.6, 20893.4]",2.9699999999999998,2,0
"(-7215.0, -6649.0]","(-6908.5, -5716.0]","(-14317.45, -13440.5]","(-1533.0, -405.4]","(108.6, 1612.15]","(-25281.9, -25013.8]","(3063.4, 4744.2]","(21625.1, 23216.8]","(4336.0, 7179.1]","(2297.35, 4345.3]","(-8948.6, -6461.4]","(-19711.8, -17586.75]","(-18335.0, -17268.6]","(-7462.55, -5534.6]","(-9632.5, -8587.25]","(-32690.4, -32690.0]","(-7600.25, -6391.2]","(-1889.0, -400.4]","(-9181.4, -7289.0]","(-29221.8, -28945.7]","(-18170.4, -17461.1]","(22485.3, 23420.0]","(-7933.25, -7597.9]","(-21807.234, -20469.3]","(-8135.2, -6371.4]","(-23083.25, -21921.9]","(-18585.4, -17744.25]","(-21799.0, -20713.0]","(19642.6, 20893.4]",3.0,2,0
"(-7215.0, -6649.0]","(-6908.5, -5716.0]","(-14317.45, -13440.5]","(-1533.0, -405.4]","(108.6, 1612.15]","(-25281.9, -25013.8]","(3063.4, 4744.2]","(21625.1, 23216.8]","(4336.0, 7179.1]","(2297.35, 4345.3]","(-8948.6, -6461.4]","(-19711.8, -17586.75]","(-18335.0, -17268.6]","(-7462.55, -5534.6]","(-9632.5, -8587.25]","(-32688.4, -32688.0]","(-7600.25, -6391.2]","(-1889.0, -400.4]","(-9181.4, -7289.0]","(-29221.8, -28945.7]","(-18170.4, -17461.1]","(23420.0, 24354.7]","(-7933.25, -7597.9]","(-21807.234, -20469.3]","(-8135.2, -6371.4]","(-23083.25, -21921.9]","(-18585.4, -17744.25]","(-21799.0, -20713.0]","(19642.6, 20893.4]",3.03,2,0
"(-7215.0, -6649.0]","(-6908.5, -5716.0]","(-14317.45, -13440.5]","(-1533.0, -405.4]","(108.6, 1612.15]","(-25281.9, -25013.8]","(3063.4, 4744.2]","(21625.1, 23216.8]","(4336.0, 7179.1]","(2297.35, 4345.3]","(-8948.6, -6461.4]","(-19711.8, -17586.75]","(-18335.0, -17268.6]","(-7462.55, -5534.6]","(-9632.5, -8587.25]","(-32689.2, -32688.8]","(-7600.25, -6391.2]","(-1889.0, -400.4]","(-9181.4, -7289.0]","(-29221.8, -28945.7]","(-18170.4, -17461.1]","(23420.0, 24354.7]","(-7933.25, -7597.9]","(-21807.234, -20469.3]","(-8135.2, -6371.4]","(-23083.25, -21921.9]","(-18585.4, -17744.25]","(-21799.0, -20713.0]","(19642.6, 20893.4]",3.06,2,0
"(-7215.0, -6649.0]","(-6908.5, -5716.0]","(-14317.45, -13440.5]","(-1533.0, -405.4]","(108.6, 1612.15]","(-25281.9, -25013.8]","(3063.4, 4744.2]","(21625.1, 23216.8]","(4336.0, 7179.1]","(2297.35, 4345.3]","(-8948.6, -6461.4]","(-19711.8, -17586.75]","(-18335.0, -17268.6]","(-7462.55, -5534.6]","(-9632.5, -8587.25]","(-32689.2, -32688.8]","(-7600.25, -6391.2]","(-1889.0, -400.4]","(-9181.4, -7289.0]","(-29221.8, -28945.7]","(-18170.4, -17461.1]","(23420.0, 24354.7]","(-7933.25, -7597.9]","(-21807.234, -20469.3]","(-8135.2, -6371.4]","(-23083.25, -21921.9]","(-18585.4, -17744.25]","(-21799.0, -20713.0]","(19642.6, 20893.4]",3.09,2,0
"(-7215.0, -6649.0]","(-6908.5, -5716.0]","(-14317.45, -13440.5]","(-1533.0, -405.4]","(108.6, 1612.15]","(-25281.9, -25013.8]","(3063.4, 4744.2]","(21625.1, 23216.8]","(4336.0, 7179.1]","(2297.35, 4345.3]","(-8948.6, -6461.4]","(-19711.8, -17586.75]","(-18335.0, -17268.6]","(-7462.55, -5534.6]","(-9632.5, -8587.25]","(-32689.2, -32688.8]","(-7600.25, -6391.2]","(-3377.6, -1889.0]","(-9181.4, -7289.0]","(-29221.8, -28945.7]","(-18170.4, -17461.1]","(23420.0, 24354.7]","(-7933.25, -7597.9]","(-21807.234, -20469.3]","(-8135.2, -6371.4]","(-23083.25, -21921.9]","(-18585.4, -17744.25]","(-21799.0, -20713.0]","(19642.6, 20893.4]",3.12,2,0
"(-7215.0, -6649.0]","(-6908.5, -5716.0]","(-14317.45, -13440.5]","(-1533.0, -405.4]","(108.6, 1612.15]","(-25281.9, -25013.8]","(3063.4, 4744.2]","(21625.1, 23216.8]","(4336.0, 7179.1]","(249.4, 2297.35]","(-8948.6, -6461.4]","(-19711.8, -17586.75]","(-18335.0, -17268.6]","(-7462.55, -5534.6]","(-9632.5, -8587.25]","(-32688.4, -32688.0]","(-7600.25, -6391.2]","(-3377.6, -1889.0]","(-9181.4, -7289.0]","(-29221.8, -28945.7]","(-18170.4, -17461.1]","(23420.0, 24354.7]","(-7933.25, -7597.9]","(-21807.234, -20469.3]","(-8135.2, -6371.4]","(-23083.25, -21921.9]","(-18585.4, -17744.25]","(-21799.0, -20713.0]","(19642.6, 20893.4]",3.15,2,0
"(-7215.0, -6649.0]","(-6908.5, -5716.0]","(-14317.45, -13440.5]","(-1533.0, -405.4]","(108.6, 1612.15]","(-25281.9, -25013.8]","(3063.4, 4744.2]","(21625.1, 23216.8]","(4336.0, 7179.1]","(249.4, 2297.35]","(-8948.6, -6461.4]","(-19711.8, -17586.75]","(-18335.0, -17268.6]","(-7462.55, -5534.6]","(-9632.5, -8587.25]","(-32690.4, -32690.0]","(-7600.25, -6391.2]","(-3377.6, -1889.0]","(-9181.4, -7289.0]","(-29221.8, -28945.7]","(-18170.4, -17461.1]","(23420.0, 24354.7]","(-7933.25, -7597.9]","(-21807.234, -20469.3]","(-8135.2, -6371.4]","(-23083.25, -21921.9]","(-18585.4, -17744.25]","(-21799.0, -20713.0]","(19642.6, 20893.4]",3.1799999999999997,2,0
"(-7215.0, -6649.0]","(-6908.5, -5716.0]","(-14317.45, -13440.5]","(-1533.0, -405.4]","(108.6, 1612.15]","(-25281.9, -25013.8]","(3063.4, 4744.2]","(21625.1, 23216.8]","(4336.0, 7179.1]","(249.4, 2297.35]","(-8948.6, -6461.4]","(-19711.8, -17586.75]","(-18335.0, -17268.6]","(-7462.55, -5534.6]","(-9632.5, -8587.25]","(-32689.2, -32688.8]","(-7600.25, -6391.2]","(-3377.6, -1889.0]","(-9181.4, -7289.0]","(-29221.8, -28945.7]","(-18170.4, -17461.1]","(23420.0, 24354.7]","(-7933.25, -7597.9]","(-21807.234, -20469.3]","(-8135.2, -6371.4]","(-23083.25, -21921.9]","(-18585.4, -17744.25]","(-21799.0, -20713.0]","(19642.6, 20893.4]",3.21,2,0
"(-7215.0, -6649.0]","(-6908.5, -5716.0]","(-14317.45, -13440.5]","(-1533.0, -405.4]","(108.6, 1612.15]","(-25281.9, -25013.8]","(3063.4, 4744.2]","(21625.1, 23216.8]","(4336.0, 7179.1]","(249.4, 2297.35]","(-8948.6, -6461.4]","(-19711.8, -17586.75]","(-18335.0, -17268.6]","(-7462.55, -5534.6]","(-9632.5, -8587.25]","(-32691.2, -32690.8]","(-7600.25, -6391.2]","(-3377.6, -1889.0]","(-11073.8, -9181.4]","(-29221.8, -28945.7]","(-18170.4, -17461.1]","(23420.0, 24354.7]","(-7933.25, -7597.9]","(-21807.234, -20469.3]","(-8135.2, -6371.4]","(-23083.25, -21921.9]","(-18585.4, -17744.25]","(-21799.0, -20713.0]","(19642.6, 20893.4]",3.2399999999999998,2,0
"(-7215.0, -6649.0]","(-6908.5, -5716.0]","(-14317.45, -13440.5]","(-1533.0, -405.4]","(108.6, 1612.15]","(-25281.9, -25013.8]","(3063.4, 4744.2]","(21625.1, 23216.8]","(4336.0, 7179.1]","(249.4, 2297.35]","(-8948.6, -6461.4]","(-19711.8, -17586.75]","(-18335.0, -17268.6]","(-7462.55, -5534.6]","(-9632.5, -8587.25]","(-32690.4, -32690.0]","(-7600.25, -6391.2]","(-3377.6, -1889.0]","(-11073.8, -9181.4]","(-29221.8, -28945.7]","(-18170.4, -17461.1]","(23420.0, 24354.7]","(-7933.25, -7597.9]","(-21807.234, -20469.3]","(-8135.2, -6371.4]","(-23083.25, -21921.9]","(-18585.4, -17744.25]","(-21799.0, -20713.0]","(19642.6, 20893.4]",3.27,2,0
"(-7215.0, -6649.0]","(-6908.5, -5716.0]","(-14317.45, -13440.5]","(-1533.0, -405.4]","(108.6, 1612.15]","(-25281.9, -25013.8]","(3063.4, 4744.2]","(21625.1, 23216.8]","(4336.0, 7179.1]","(249.4, 2297.35]","(-8948.6, -6461.4]","(-19711.8, -17586.75]","(-18335.0, -17268.6]","(-7462.55, -5534.6]","(-9632.5, -8587.25]","(-32690.4, -32690.0]","(-7600.25, -6391.2]","(-3377.6, -1889.0]","(-11073.8, -9181.4]","(-29221.8, -28945.7]","(-18170.4, -17461.1]","(24354.7, 25289.4]","(-7933.25, -7597.9]","(-21807.234, -20469.3]","(-8135.2, -6371.4]","(-23083.25, -21921.9]","(-18585.4, -17744.25]","(-21799.0, -20713.0]","(19642.6, 20893.4]",3.3,2,0
"(-7215.0, -6649.0]","(-6908.5, -5716.0]","(-14317.45, -13440.5]","(-1533.0, -405.4]","(108.6, 1612.15]","(-25281.9, -25013.8]","(3063.4, 4744.2]","(21625.1, 23216.8]","(4336.0, 7179.1]","(249.4, 2297.35]","(-8948.6, -6461.4]","(-19711.8, -17586.75]","(-18335.0, -17268.6]","(-7462.55, -5534.6]","(-10677.75, -9632.5]","(-32689.2, -32688.8]","(-7600.25, -6391.2]","(-3377.6, -1889.0]","(-11073.8, -9181.4]","(-29221.8, -28945.7]","(-18170.4, -17461.1]","(24354.7, 25289.4]","(-7933.25, -7597.9]","(-21807.234, -20469.3]","(-8135.2, -6371.4]","(-23083.25, -21921.9]","(-18585.4, -17744.25]","(-21799.0, -20713.0]","(19642.6, 20893.4]",3.33,2,0
"(-7215.0, -6649.0]","(-6908.5, -5716.0]","(-14317.45, -13440.5]","(-1533.0, -405.4]","(108.6, 1612.15]","(-25281.9, -25013.8]","(3063.4, 4744.2]","(21625.1, 23216.8]","(4336.0, 7179.1]","(2297.35, 4345.3]","(-8948.6, -6461.4]","(-19711.8, -17586.75]","(-18335.0, -17268.6]","(-7462.55, -5534.6]","(-10677.75, -9632.5]","(-32688.4, -32688.0]","(-7600.25, -6391.2]","(-3377.6, -1889.0]","(-11073.8, -9181.4]","(-29221.8, -28945.7]","(-18170.4, -17461.1]","(24354.7, 25289.4]","(-7933.25, -7597.9]","(-21807.234, -20469.3]","(-8135.2, -6371.4]","(-23083.25, -21921.9]","(-18585.4, -17744.25]","(-21799.0, -20713.0]","(19642.6, 20893.4]",3.36,2,0
"(-7215.0, -6649.0]","(-6908.5, -5716.0]","(-14317.45, -13440.5]","(-1533.0, -405.4]","(108.6, 1612.15]","(-25281.9, -25013.8]","(3063.4, 4744.2]","(21625.1, 23216.8]","(4336.0, 7179.1]","(2297.35, 4345.3]","(-8948.6, -6461.4]","(-19711.8, -17586.75]","(-18335.0, -17268.6]","(-7462.55, -5534.6]","(-10677.75, -9632.5]","(-32690.4, -32690.0]","(-7600.25, -6391.2]","(-3377.6, -1889.0]","(-11073.8, -9181.4]","(-29221.8, -28945.7]","(-18170.4, -17461.1]","(24354.7, 25289.4]","(-7933.25, -7597.9]","(-21807.234, -20469.3]","(-8135.2, -6371.4]","(-23083.25, -21921.9]","(-18585.4, -17744.25]","(-21799.0, -20713.0]","(19642.6, 20893.4]",3.3899999999999997,2,0
"(-7215.0, -6649.0]","(-6908.5, -5716.0]","(-14317.45, -13440.5]","(-1533.0, -405.4]","(108.6, 1612.15]","(-25281.9, -25013.8]","(3063.4, 4744.2]","(21625.1, 23216.8]","(4336.0, 7179.1]","(2297.35, 4345.3]","(-8948.6, -6461.4]","(-19711.8, -17586.75]","(-18335.0, -17268.6]","(-7462.55, -5534.6]","(-9632.5, -8587.25]","(-32690.4, -32690.0]","(-7600.25, -6391.2]","(-3377.6, -1889.0]","(-11073.8, -9181.4]","(-29221.8, -28945.7]","(-18879.7, -18170.4]","(24354.7, 25289.4]","(-7933.25, -7597.9]","(-21807.234, -20469.3]","(-8135.2, -6371.4]","(-23083.25, -21921.9]","(-18585.4, -17744.25]","(-21799.0, -20713.0]","(19642.6, 20893.4]",3.42,2,0
"(-7215.0, -6649.0]","(-6908.5, -5716.0]","(-14317.45, -13440.5]","(-1533.0, -405.4]","(108.6, 1612.15]","(-25281.9, -25013.8]","(3063.4, 4744.2]","(21625.1, 23216.8]","(4336.0, 7179.1]","(2297.35, 4345.3]","(-8948.6, -6461.4]","(-19711.8, -17586.75]","(-18335.0, -17268.6]","(-7462.55, -5534.6]","(-10677.75, -9632.5]","(-32690.4, -32690.0]","(-7600.25, -6391.2]","(-3377.6, -1889.0]","(-11073.8, -9181.4]","(-29221.8, -28945.7]","(-18879.7, -18170.4]","(24354.7, 25289.4]","(-7933.25, -7597.9]","(-21807.234, -20469.3]","(-8135.2, -6371.4]","(-23083.25, -21921.9]","(-18585.4, -17744.25]","(-21799.0, -20713.0]","(19642.6, 20893.4]",3.4499999999999997,2,0
"(-7215.0, -6649.0]","(-6908.5, -5716.0]","(-14317.45, -13440.5]","(-1533.0, -405.4]","(108.6, 1612.15]","(-25281.9, -25013.8]","(3063.4, 4744.2]","(21625.1, 23216.8]","(4336.0, 7179.1]","(2297.35, 4345.3]","(-8948.6, -6461.4]","(-19711.8, -17586.75]","(-18335.0, -17268.6]","(-7462.55, -5534.6]","(-9632.5, -8587.25]","(-32691.2, -32690.8]","(-7600.25, -6391.2]","(-3377.6, -1889.0]","(-11073.8, -9181.4]","(-29221.8, -28945.7]","(-18879.7, -18170.4]","(24354.7, 25289.4]","(-7933.25, -7597.9]","(-21807.234, -20469.3]","(-8135.2, -6371.4]","(-23083.25, -21921.9]","(-18585.4, -17744.25]","(-21799.0, -20713.0]","(19642.6, 20893.4]",3.48,2,0
"(-7215.0, -6649.0]","(-6908.5, -5716.0]","(-14317.45, -13440.5]","(-1533.0, -405.4]","(108.6, 1612.15]","(-25281.9, -25013.8]","(3063.4, 4744.2]","(21625.1, 23216.8]","(4336.0, 7179.1]","(2297.35, 4345.3]","(-8948.6, -6461.4]","(-19711.8, -17586.75]","(-18335.0, -17268.6]","(-7462.55, -5534.6]","(-9632.5, -8587.25]","(-32690.4, -32690.0]","(-7600.25, -6391.2]","(-3377.6, -1889.0]","(-11073.8, -9181.4]","(-29221.8, -28945.7]","(-18879.7, -18170.4]","(24354.7, 25289.4]","(-7933.25, -7597.9]","(-21807.234, -20469.3]","(-8135.2, -6371.4]","(-23083.25, -21921.9]","(-18585.4, -17744.25]","(-21799.0, -20713.0]","(19642.6, 20893.4]",3.51,2,0
"(-7215.0, -6649.0]","(-6908.5, -5716.0]","(-14317.45, -13440.5]","(-2660.6, -1533.0]","(-1394.95, 108.6]","(-25281.9, -25013.8]","(3063.4, 4744.2]","(21625.1, 23216.8]","(4336.0, 7179.1]","(2297.35, 4345.3]","(-8948.6, -6461.4]","(-19711.8, -17586.75]","(-18335.0, -17268.6]","(-7462.55, -5534.6]","(-9632.5, -8587.25]","(-32689.2, -32688.8]","(-7600.25, -6391.2]","(-3377.6, -1889.0]","(-11073.8, -9181.4]","(-29221.8, -28945.7]","(-18879.7, -18170.4]","(24354.7, 25289.4]","(-7933.25, -7597.9]","(-21807.234, -20469.3]","(-8135.2, -6371.4]","(-23083.25, -21921.9]","(-18585.4, -17744.25]","(-21799.0, -20713.0]","(19642.6, 20893.4]",3.54,2,0
"(-7215.0, -6649.0]","(-6908.5, -5716.0]","(-14317.45, -13440.5]","(-2660.6, -1533.0]","(-1394.95, 108.6]","(-25281.9, -25013.8]","(3063.4, 4744.2]","(21625.1, 23216.8]","(4336.0, 7179.1]","(2297.35, 4345.3]","(-8948.6, -6461.4]","(-19711.8, -17586.75]","(-18335.0, -17268.6]","(-7462.55, -5534.6]","(-9632.5, -8587.25]","(-32688.4, -32688.0]","(-7600.25, -6391.2]","(-3377.6, -1889.0]","(-11073.8, -9181.4]","(-29221.8, -28945.7]","(-18879.7, -18170.4]","(24354.7, 25289.4]","(-7933.25, -7597.9]","(-21807.234, -20469.3]","(-8135.2, -6371.4]","(-23083.25, -21921.9]","(-18585.4, -17744.25]","(-21799.0, -20713.0]","(19642.6, 20893.4]",3.57,2,0
"(-7215.0, -6649.0]","(-6908.5, -5716.0]","(-14317.45, -13440.5]","(-2660.6, -1533.0]","(-1394.95, 108.6]","(-25281.9, -25013.8]","(3063.4, 4744.2]","(21625.1, 23216.8]","(4336.0, 7179.1]","(2297.35, 4345.3]","(-8948.6, -6461.4]","(-19711.8, -17586.75]","(-18335.0, -17268.6]","(-7462.55, -5534.6]","(-9632.5, -8587.25]","(-32688.4, -32688.0]","(-7600.25, -6391.2]","(-3377.6, -1889.0]","(-11073.8, -9181.4]","(-29221.8, -28945.7]","(-18879.7, -18170.4]","(25289.4, 26224.1]","(-7933.25, -7597.9]","(-21807.234, -20469.3]","(-8135.2, -6371.4]","(-23083.25, -21921.9]","(-18585.4, -17744.25]","(-21799.0, -20713.0]","(19642.6, 20893.4]",3.5999999999999996,2,0
"(-7215.0, -6649.0]","(-6908.5, -5716.0]","(-14317.45, -13440.5]","(-2660.6, -1533.0]","(-1394.95, 108.6]","(-25281.9, -25013.8]","(3063.4, 4744.2]","(21625.1, 23216.8]","(4336.0, 7179.1]","(2297.35, 4345.3]","(-8948.6, -6461.4]","(-19711.8, -17586.75]","(-18335.0, -17268.6]","(-7462.55, -5534.6]","(-9632.5, -8587.25]","(-32689.2, -32688.8]","(-7600.25, -6391.2]","(-3377.6, -1889.0]","(-11073.8, -9181.4]","(-29221.8, -28945.7]","(-18879.7, -18170.4]","(25289.4, 26224.1]","(-7933.25, -7597.9]","(-21807.234, -20469.3]","(-8135.2, -6371.4]","(-23083.25, -21921.9]","(-18585.4, -17744.25]","(-21799.0, -20713.0]","(19642.6, 20893.4]",3.63,2,0
"(-7215.0, -6649.0]","(-6908.5, -5716.0]","(-15194.4, -14317.45]","(-2660.6, -1533.0]","(-1394.95, 108.6]","(-25550.0, -25281.9]","(3063.4, 4744.2]","(21625.1, 23216.8]","(4336.0, 7179.1]","(2297.35, 4345.3]","(-8948.6, -6461.4]","(-19711.8, -17586.75]","(-18335.0, -17268.6]","(-7462.55, -5534.6]","(-9632.5, -8587.25]","(-32689.2, -32688.8]","(-7600.25, -6391.2]","(-3377.6, -1889.0]","(-11073.8, -9181.4]","(-29221.8, -28945.7]","(-18879.7, -18170.4]","(25289.4, 26224.1]","(-7933.25, -7597.9]","(-21807.234, -20469.3]","(-8135.2, -6371.4]","(-23083.25, -21921.9]","(-18585.4, -17744.25]","(-21799.0, -20713.0]","(19642.6, 20893.4]",3.6599999999999997,2,0
"(-7215.0, -6649.0]","(-6908.5, -5716.0]","(-15194.4, -14317.45]","(-2660.6, -1533.0]","(-1394.95, 108.6]","(-25550.0, -25281.9]","(3063.4, 4744.2]","(21625.1, 23216.8]","(4336.0, 7179.1]","(2297.35, 4345.3]","(-8948.6, -6461.4]","(-19711.8, -17586.75]","(-18335.0, -17268.6]","(-7462.55, -5534.6]","(-9632.5, -8587.25]","(-32689.2, -32688.8]","(-7600.25, -6391.2]","(-3377.6, -1889.0]","(-11073.8, -9181.4]","(-29221.8, -28945.7]","(-18879.7, -18170.4]","(25289.4, 26224.1]","(-7933.25, -7597.9]","(-21807.234, -20469.3]","(-8135.2, -6371.4]","(-23083.25, -21921.9]","(-18585.4, -17744.25]","(-21799.0, -20713.0]","(19642.6, 20893.4]",3.69,2,0
"(-7781.0, -7215.0]","(-6908.5, -5716.0]","(-15194.4, -14317.45]","(-2660.6, -1533.0]","(-1394.95, 108.6]","(-25550.0, -25281.9]","(3063.4, 4744.2]","(21625.1, 23216.8]","(4336.0, 7179.1]","(2297.35, 4345.3]","(-8948.6, -6461.4]","(-19711.8, -17586.75]","(-18335.0, -17268.6]","(-7462.55, -5534.6]","(-9632.5, -8587.25]","(-32690.4, -32690.0]","(-7600.25, -6391.2]","(-3377.6, -1889.0]","(-11073.8, -9181.4]","(-29221.8, -28945.7]","(-18879.7, -18170.4]","(25289.4, 26224.1]","(-7933.25, -7597.9]","(-21807.234, -20469.3]","(-8135.2, -6371.4]","(-23083.25, -21921.9]","(-18585.4, -17744.25]","(-21799.0, -20713.0]","(19642.6, 20893.4]",3.7199999999999998,2,0
"(-7215.0, -6649.0]","(-6908.5, -5716.0]","(-15194.4, -14317.45]","(-2660.6, -1533.0]","(-1394.95, 108.6]","(-25550.0, -25281.9]","(1382.6, 3063.4]","(21625.1, 23216.8]","(4336.0, 7179.1]","(2297.35, 4345.3]","(-8948.6, -6461.4]","(-19711.8, -17586.75]","(-18335.0, -17268.6]","(-7462.55, -5534.6]","(-9632.5, -8587.25]","(-32690.4, -32690.0]","(-7600.25, -6391.2]","(-3377.6, -1889.0]","(-11073.8, -9181.4]","(-29221.8, -28945.7]","(-18879.7, -18170.4]","(25289.4, 26224.1]","(-7933.25, -7597.9]","(-21807.234, -20469.3]","(-8135.2, -6371.4]","(-23083.25, -21921.9]","(-18585.4, -17744.25]","(-21799.0, -20713.0]","(19642.6, 20893.4]",3.75,2,0
"(-7781.0, -7215.0]","(-6908.5, -5716.0]","(-15194.4, -14317.45]","(-2660.6, -1533.0]","(-1394.95, 108.6]","(-25550.0, -25281.9]","(1382.6, 3063.4]","(21625.1, 23216.8]","(4336.0, 7179.1]","(2297.35, 4345.3]","(-8948.6, -6461.4]","(-19711.8, -17586.75]","(-18335.0, -17268.6]","(-7462.55, -5534.6]","(-9632.5, -8587.25]","(-32688.4, -32688.0]","(-7600.25, -6391.2]","(-3377.6, -1889.0]","(-11073.8, -9181.4]","(-29221.8, -28945.7]","(-18879.7, -18170.4]","(25289.4, 26224.1]","(-7933.25, -7597.9]","(-21807.234, -20469.3]","(-8135.2, -6371.4]","(-23083.25, -21921.9]","(-18585.4, -17744.25]","(-21799.0, -20713.0]","(19642.6, 20893.4]",3.78,2,0
"(-7781.0, -7215.0]","(-8101.0, -6908.5]","(-15194.4, -14317.45]","(-2660.6, -1533.0]","(-1394.95, 108.6]","(-25550.0, -25281.9]","(1382.6, 3063.4]","(21625.1, 23216.8]","(4336.0, 7179.1]","(2297.35, 4345.3]","(-8948.6, -6461.4]","(-19711.8, -17586.75]","(-18335.0, -17268.6]","(-7462.55, -5534.6]","(-10677.75, -9632.5]","(-32690.4, -32690.0]","(-7600.25, -6391.2]","(-3377.6, -1889.0]","(-11073.8, -9181.4]","(-29221.8, -28945.7]","(-18879.7, -18170.4]","(25289.4, 26224.1]","(-7933.25, -7597.9]","(-21807.234, -20469.3]","(-8135.2, -6371.4]","(-23083.25, -21921.9]","(-18585.4, -17744.25]","(-21799.0, -20713.0]","(19642.6, 20893.4]",3.81,2,0
"(-7781.0, -7215.0]","(-8101.0, -6908.5]","(-15194.4, -14317.45]","(-2660.6, -1533.0]","(-1394.95, 108.6]","(-25550.0, -25281.9]","(1382.6, 3063.4]","(21625.1, 23216.8]","(4336.0, 7179.1]","(2297.35, 4345.3]","(-8948.6, -6461.4]","(-19711.8, -17586.75]","(-18335.0, -17268.6]","(-7462.55, -5534.6]","(-9632.5, -8587.25]","(-32691.2, -32690.8]","(-7600.25, -6391.2]","(-3377.6, -1889.0]","(-11073.8, -9181.4]","(-29221.8, -28945.7]","(-18879.7, -18170.4]","(25289.4, 26224.1]","(-7933.25, -7597.9]","(-21807.234, -20469.3]","(-8135.2, -6371.4]","(-23083.25, -21921.9]","(-18585.4, -17744.25]","(-21799.0, -20713.0]","(18391.8, 19642.6]",3.84,2,0
"(-7781.0, -7215.0]","(-8101.0, -6908.5]","(-15194.4, -14317.45]","(-2660.6, -1533.0]","(-1394.95, 108.6]","(-25550.0, -25281.9]","(1382.6, 3063.4]","(21625.1, 23216.8]","(4336.0, 7179.1]","(2297.35, 4345.3]","(-8948.6, -6461.4]","(-19711.8, -17586.75]","(-18335.0, -17268.6]","(-7462.55, -5534.6]","(-9632.5, -8587.25]","(-32689.2, -32688.8]","(-7600.25, -6391.2]","(-3377.6, -1889.0]","(-11073.8, -9181.4]","(-29221.8, -28945.7]","(-18879.7, -18170.4]","(25289.4, 26224.1]","(-7933.25, -7597.9]","(-21807.234, -20469.3]","(-8135.2, -6371.4]","(-23083.25, -21921.9]","(-18585.4, -17744.25]","(-21799.0, -20713.0]","(18391.8, 19642.6]",3.8699999999999997,2,0
"(-7781.0, -7215.0]","(-8101.0, -6908.5]","(-15194.4, -14317.45]","(-2660.6, -1533.0]","(-1394.95, 108.6]","(-25550.0, -25281.9]","(1382.6, 3063.4]","(21625.1, 23216.8]","(4336.0, 7179.1]","(2297.35, 4345.3]","(-8948.6, -6461.4]","(-19711.8, -17586.75]","(-18335.0, -17268.6]","(-7462.55, -5534.6]","(-9632.5, -8587.25]","(-32689.2, -32688.8]","(-7600.25, -6391.2]","(-1889.0, -400.4]","(-11073.8, -9181.4]","(-29221.8, -28945.7]","(-18879.7, -18170.4]","(25289.4, 26224.1]","(-7933.25, -7597.9]","(-21807.234, -20469.3]","(-8135.2, -6371.4]","(-23083.25, -21921.9]","(-18585.4, -17744.25]","(-21799.0, -20713.0]","(18391.8, 19642.6]",3.9,2,0
"(-7781.0, -7215.0]","(-8101.0, -6908.5]","(-15194.4, -14317.45]","(-2660.6, -1533.0]","(-1394.95, 108.6]","(-25550.0, -25281.9]","(1382.6, 3063.4]","(21625.1, 23216.8]","(4336.0, 7179.1]","(2297.35, 4345.3]","(-8948.6, -6461.4]","(-19711.8, -17586.75]","(-18335.0, -17268.6]","(-7462.55, -5534.6]","(-9632.5, -8587.25]","(-32690.4, -32690.0]","(-7600.25, -6391.2]","(-1889.0, -400.4]","(-9181.4, -7289.0]","(-29221.8, -28945.7]","(-18879.7, -18170.4]","(25289.4, 26224.1]","(-7933.25, -7597.9]","(-21807.234, -20469.3]","(-8135.2, -6371.4]","(-23083.25, -21921.9]","(-18585.4, -17744.25]","(-21799.0, -20713.0]","(18391.8, 19642.6]",3.9299999999999997,2,0
"(-7781.0, -7215.0]","(-8101.0, -6908.5]","(-15194.4, -14317.45]","(-2660.6, -1533.0]","(-1394.95, 108.6]","(-25550.0, -25281.9]","(1382.6, 3063.4]","(21625.1, 23216.8]","(4336.0, 7179.1]","(2297.35, 4345.3]","(-8948.6, -6461.4]","(-19711.8, -17586.75]","(-18335.0, -17268.6]","(-7462.55, -5534.6]","(-9632.5, -8587.25]","(-32690.4, -32690.0]","(-7600.25, -6391.2]","(-1889.0, -400.4]","(-9181.4, -7289.0]","(-29221.8, -28945.7]","(-18879.7, -18170.4]","(25289.4, 26224.1]","(-7933.25, -7597.9]","(-21807.234, -20469.3]","(-8135.2, -6371.4]","(-23083.25, -21921.9]","(-18585.4, -17744.25]","(-21799.0, -20713.0]","(18391.8, 19642.6]",3.96,2,0
"(-7781.0, -7215.0]","(-8101.0, -6908.5]","(-15194.4, -14317.45]","(-3788.2, -2660.6]","(-1394.95, 108.6]","(-25550.0, -25281.9]","(1382.6, 3063.4]","(21625.1, 23216.8]","(4336.0, 7179.1]","(2297.35, 4345.3]","(-8948.6, -6461.4]","(-19711.8, -17586.75]","(-18335.0, -17268.6]","(-7462.55, -5534.6]","(-9632.5, -8587.25]","(-32689.2, -32688.8]","(-7600.25, -6391.2]","(-1889.0, -400.4]","(-9181.4, -7289.0]","(-29221.8, -28945.7]","(-18879.7, -18170.4]","(25289.4, 26224.1]","(-7933.25, -7597.9]","(-21807.234, -20469.3]","(-8135.2, -6371.4]","(-23083.25, -21921.9]","(-18585.4, -17744.25]","(-21799.0, -20713.0]","(18391.8, 19642.6]",3.9899999999999998,2,0
"(-7781.0, -7215.0]","(-8101.0, -6908.5]","(-15194.4, -14317.45]","(-3788.2, -2660.6]","(-1394.95, 108.6]","(-25818.1, -25550.0]","(1382.6, 3063.4]","(21625.1, 23216.8]","(4336.0, 7179.1]","(2297.35, 4345.3]","(-8948.6, -6461.4]","(-19711.8, -17586.75]","(-18335.0, -17268.6]","(-7462.55, -5534.6]","(-9632.5, -8587.25]","(-32690.4, -32690.0]","(-7600.25, -6391.2]","(-1889.0, -400.4]","(-9181.4, -7289.0]","(-29221.8, -28945.7]","(-18879.7, -18170.4]","(25289.4, 26224.1]","(-8268.6, -7933.25]","(-21807.234, -20469.3]","(-8135.2, -6371.4]","(-23083.25, -21921.9]","(-18585.4, -17744.25]","(-21799.0, -20713.0]","(18391.8, 19642.6]",4.02,2,0
"(-7781.0, -7215.0]","(-8101.0, -6908.5]","(-15194.4, -14317.45]","(-3788.2, -2660.6]","(-1394.95, 108.6]","(-25818.1, -25550.0]","(1382.6, 3063.4]","(21625.1, 23216.8]","(4336.0, 7179.1]","(2297.35, 4345.3]","(-8948.6, -6461.4]","(-19711.8, -17586.75]","(-19401.4, -18335.0]","(-7462.55, -5534.6]","(-9632.5, -8587.25]","(-32690.4, -32690.0]","(-7600.25, -6391.2]","(-1889.0, -400.4]","(-7289.0, -5396.6]","(-29221.8, -28945.7]","(-18170.4, -17461.1]","(25289.4, 26224.1]","(-7933.25, -7597.9]","(-21807.234, -20469.3]","(-8135.2, -6371.4]","(-23083.25, -21921.9]","(-18585.4, -17744.25]","(-21799.0, -20713.0]","(18391.8, 19642.6]",4.05,2,0
"(-7781.0, -7215.0]","(-8101.0, -6908.5]","(-15194.4, -14317.45]","(-3788.2, -2660.6]","(-1394.95, 108.6]","(-25818.1, -25550.0]","(1382.6, 3063.4]","(21625.1, 23216.8]","(4336.0, 7179.1]","(2297.35, 4345.3]","(-8948.6, -6461.4]","(-19711.8, -17586.75]","(-18335.0, -17268.6]","(-7462.55, -5534.6]","(-9632.5, -8587.25]","(-32690.4, -32690.0]","(-7600.25, -6391.2]","(-1889.0, -400.4]","(-7289.0, -5396.6]","(-29221.8, -28945.7]","(-18170.4, -17461.1]","(25289.4, 26224.1]","(-7933.25, -7597.9]","(-21807.234, -20469.3]","(-8135.2, -6371.4]","(-23083.25, -21921.9]","(-18585.4, -17744.25]","(-21799.0, -20713.0]","(18391.8, 19642.6]",4.08,2,0
"(-7781.0, -7215.0]","(-8101.0, -6908.5]","(-15194.4, -14317.45]","(-3788.2, -2660.6]","(-2898.5, -1394.95]","(-25818.1, -25550.0]","(1382.6, 3063.4]","(21625.1, 23216.8]","(4336.0, 7179.1]","(2297.35, 4345.3]","(-8948.6, -6461.4]","(-19711.8, -17586.75]","(-19401.4, -18335.0]","(-7462.55, -5534.6]","(-9632.5, -8587.25]","(-32690.4, -32690.0]","(-7600.25, -6391.2]","(-1889.0, -400.4]","(-7289.0, -5396.6]","(-29221.8, -28945.7]","(-18170.4, -17461.1]","(25289.4, 26224.1]","(-7933.25, -7597.9]","(-21807.234, -20469.3]","(-8135.2, -6371.4]","(-23083.25, -21921.9]","(-18585.4, -17744.25]","(-21799.0, -20713.0]","(18391.8, 19642.6]",4.109999999999999,2,0
"(-7781.0, -7215.0]","(-8101.0, -6908.5]","(-15194.4, -14317.45]","(-3788.2, -2660.6]","(-2898.5, -1394.95]","(-25818.1, -25550.0]","(1382.6, 3063.4]","(21625.1, 23216.8]","(4336.0, 7179.1]","(2297.35, 4345.3]","(-8948.6, -6461.4]","(-19711.8, -17586.75]","(-19401.4, -18335.0]","(-7462.55, -5534.6]","(-9632.5, -8587.25]","(-32690.4, -32690.0]","(-7600.25, -6391.2]","(-1889.0, -400.4]","(-5396.6, -3504.2]","(-29221.8, -28945.7]","(-18170.4, -17461.1]","(25289.4, 26224.1]","(-7933.25, -7597.9]","(-21807.234, -20469.3]","(-8135.2, -6371.4]","(-23083.25, -21921.9]","(-18585.4, -17744.25]","(-21799.0, -20713.0]","(18391.8, 19642.6]",4.14,2,0
"(-7781.0, -7215.0]","(-8101.0, -6908.5]","(-15194.4, -14317.45]","(-3788.2, -2660.6]","(-2898.5, -1394.95]","(-25818.1, -25550.0]","(1382.6, 3063.4]","(21625.1, 23216.8]","(4336.0, 7179.1]","(2297.35, 4345.3]","(-8948.6, -6461.4]","(-19711.8, -17586.75]","(-19401.4, -18335.0]","(-7462.55, -5534.6]","(-9632.5, -8587.25]","(-32690.4, -32690.0]","(-7600.25, -6391.2]","(-1889.0, -400.4]","(-5396.6, -3504.2]","(-28945.7, -28669.6]","(-18170.4, -17461.1]","(25289.4, 26224.1]","(-8268.6, -7933.25]","(-21807.234, -20469.3]","(-8135.2, -6371.4]","(-23083.25, -21921.9]","(-18585.4, -17744.25]","(-21799.0, -20713.0]","(18391.8, 19642.6]",4.17,2,0
"(-7781.0, -7215.0]","(-8101.0, -6908.5]","(-15194.4, -14317.45]","(-3788.2, -2660.6]","(-2898.5, -1394.95]","(-25818.1, -25550.0]","(1382.6, 3063.4]","(21625.1, 23216.8]","(4336.0, 7179.1]","(2297.35, 4345.3]","(-8948.6, -6461.4]","(-19711.8, -17586.75]","(-19401.4, -18335.0]","(-7462.55, -5534.6]","(-9632.5, -8587.25]","(-32688.4, -32688.0]","(-7600.25, -6391.2]","(-1889.0, -400.4]","(-5396.6, -3504.2]","(-28945.7, -28669.6]","(-18170.4, -17461.1]","(25289.4, 26224.1]","(-8268.6, -7933.25]","(-21807.234, -20469.3]","(-8135.2, -6371.4]","(-23083.25, -21921.9]","(-17744.25, -16903.1]","(-21799.0, -20713.0]","(18391.8, 19642.6]",4.2,2,0
"(-7781.0, -7215.0]","(-8101.0, -6908.5]","(-15194.4, -14317.45]","(-3788.2, -2660.6]","(-2898.5, -1394.95]","(-25818.1, -25550.0]","(1382.6, 3063.4]","(21625.1, 23216.8]","(4336.0, 7179.1]","(2297.35, 4345.3]","(-8948.6, -6461.4]","(-19711.8, -17586.75]","(-19401.4, -18335.0]","(-7462.55, -5534.6]","(-9632.5, -8587.25]","(-32690.4, -32690.0]","(-7600.25, -6391.2]","(-1889.0, -400.4]","(-3504.2, -1611.8]","(-29221.8, -28945.7]","(-18170.4, -17461.1]","(25289.4, 26224.1]","(-8268.6, -7933.25]","(-21807.234, -20469.3]","(-8135.2, -6371.4]","(-23083.25, -21921.9]","(-17744.25, -16903.1]","(-21799.0, -20713.0]","(18391.8, 19642.6]",4.2299999999999995,2,0
"(-7781.0, -7215.0]","(-8101.0, -6908.5]","(-15194.4, -14317.45]","(-3788.2, -2660.6]","(-2898.5, -1394.95]","(-25818.1, -25550.0]","(1382.6, 3063.4]","(21625.1, 23216.8]","(4336.0, 7179.1]","(2297.35, 4345.3]","(-8948.6, -6461.4]","(-19711.8, -17586.75]","(-19401.4, -18335.0]","(-7462.55, -5534.6]","(-9632.5, -8587.25]","(-32689.2, -32688.8]","(-7600.25, -6391.2]","(-1889.0, -400.4]","(-3504.2, -1611.8]","(-28945.7, -28669.6]","(-18170.4, -17461.1]","(25289.4, 26224.1]","(-8268.6, -7933.25]","(-21807.234, -20469.3]","(-8135.2, -6371.4]","(-23083.25, -21921.9]","(-17744.25, -16903.1]","(-21799.0, -20713.0]","(18391.8, 19642.6]",4.26,2,0
"(-7781.0, -7215.0]","(-9293.5, -8101.0]","(-15194.4, -14317.45]","(-3788.2, -2660.6]","(-2898.5, -1394.95]","(-25818.1, -25550.0]","(1382.6, 3063.4]","(21625.1, 23216.8]","(4336.0, 7179.1]","(2297.35, 4345.3]","(-8948.6, -6461.4]","(-19711.8, -17586.75]","(-19401.4, -18335.0]","(-7462.55, -5534.6]","(-9632.5, -8587.25]","(-32690.4, -32690.0]","(-7600.25, -6391.2]","(-1889.0, -400.4]","(-3504.2, -1611.8]","(-28945.7, -28669.6]","(-17461.1, -16751.8]","(25289.4, 26224.1]","(-8268.6, -7933.25]","(-21807.234, -20469.3]","(-8135.2, -6371.4]","(-23083.25, -21921.9]","(-17744.25, -16903.1]","(-21799.0, -20713.0]","(18391.8, 19642.6]",4.29,2,0
"(-7781.0, -7215.0]","(-9293.5, -8101.0]","(-15194.4, -14317.45]","(-3788.2, -2660.6]","(-2898.5, -1394.95]","(-25818.1, -25550.0]","(-298.2, 1382.6]","(21625.1, 23216.8]","(4336.0, 7179.1]","(2297.35, 4345.3]","(-8948.6, -6461.4]","(-19711.8, -17586.75]","(-18335.0, -17268.6]","(-7462.55, -5534.6]","(-9632.5, -8587.25]","(-32688.4, -32688.0]","(-7600.25, -6391.2]","(-1889.0, -400.4]","(-1611.8, 280.6]","(-28945.7, -28669.6]","(-17461.1, -16751.8]","(26224.1, 27158.8]","(-8268.6, -7933.25]","(-21807.234, -20469.3]","(-8135.2, -6371.4]","(-23083.25, -21921.9]","(-17744.25, -16903.1]","(-21799.0, -20713.0]","(18391.8, 19642.6]",4.32,2,0
"(-7781.0, -7215.0]","(-9293.5, -8101.0]","(-15194.4, -14317.45]","(-4915.8, -3788.2]","(-2898.5, -1394.95]","(-25818.1, -25550.0]","(-298.2, 1382.6]","(21625.1, 23216.8]","(1492.9, 4336.0]","(2297.35, 4345.3]","(-8948.6, -6461.4]","(-19711.8, -17586.75]","(-18335.0, -17268.6]","(-7462.55, -5534.6]","(-9632.5, -8587.25]","(-32690.4, -32690.0]","(-7600.25, -6391.2]","(-1889.0, -400.4]","(-1611.8, 280.6]","(-28945.7, -28669.6]","(-17461.1, -16751.8]","(26224.1, 27158.8]","(-8268.6, -7933.25]","(-21807.234, -20469.3]","(-8135.2, -6371.4]","(-23083.25, -21921.9]","(-17744.25, -16903.1]","(-21799.0, -20713.0]","(18391.8, 19642.6]",4.35,2,0
"(-7781.0, -7215.0]","(-9293.5, -8101.0]","(-15194.4, -14317.45]","(-4915.8, -3788.2]","(-2898.5, -1394.95]","(-25818.1, -25550.0]","(-298.2, 1382.6]","(20033.4, 21625.1]","(1492.9, 4336.0]","(2297.35, 4345.3]","(-8948.6, -6461.4]","(-19711.8, -17586.75]","(-18335.0, -17268.6]","(-7462.55, -5534.6]","(-9632.5, -8587.25]","(-32689.2, -32688.8]","(-7600.25, -6391.2]","(-1889.0, -400.4]","(-1611.8, 280.6]","(-28945.7, -28669.6]","(-17461.1, -16751.8]","(26224.1, 27158.8]","(-8268.6, -7933.25]","(-21807.234, -20469.3]","(-8135.2, -6371.4]","(-23083.25, -21921.9]","(-17744.25, -16903.1]","(-21799.0, -20713.0]","(18391.8, 19642.6]",4.38,2,0
"(-7781.0, -7215.0]","(-9293.5, -8101.0]","(-15194.4, -14317.45]","(-4915.8, -3788.2]","(-2898.5, -1394.95]","(-26086.2, -25818.1]","(-298.2, 1382.6]","(20033.4, 21625.1]","(1492.9, 4336.0]","(2297.35, 4345.3]","(-8948.6, -6461.4]","(-19711.8, -17586.75]","(-18335.0, -17268.6]","(-7462.55, -5534.6]","(-9632.5, -8587.25]","(-32690.4, -32690.0]","(-7600.25, -6391.2]","(-1889.0, -400.4]","(-1611.8, 280.6]","(-28945.7, -28669.6]","(-17461.1, -16751.8]","(26224.1, 27158.8]","(-8268.6, -7933.25]","(-21807.234, -20469.3]","(-8135.2, -6371.4]","(-23083.25, -21921.9]","(-17744.25, -16903.1]","(-21799.0, -20713.0]","(18391.8, 19642.6]",4.41,2,0
"(-7781.0, -7215.0]","(-9293.5, -8101.0]","(-15194.4, -14317.45]","(-4915.8, -3788.2]","(-2898.5, -1394.95]","(-26086.2, -25818.1]","(-298.2, 1382.6]","(20033.4, 21625.1]","(1492.9, 4336.0]","(2297.35, 4345.3]","(-8948.6, -6461.4]","(-19711.8, -17586.75]","(-18335.0, -17268.6]","(-7462.55, -5534.6]","(-9632.5, -8587.25]","(-32691.2, -32690.8]","(-7600.25, -6391.2]","(-1889.0, -400.4]","(280.6, 2173.0]","(-28945.7, -28669.6]","(-17461.1, -16751.8]","(26224.1, 27158.8]","(-8268.6, -7933.25]","(-21807.234, -20469.3]","(-8135.2, -6371.4]","(-23083.25, -21921.9]","(-17744.25, -16903.1]","(-21799.0, -20713.0]","(18391.8, 19642.6]",4.4399999999999995,2,0
"(-7781.0, -7215.0]","(-9293.5, -8101.0]","(-15194.4, -14317.45]","(-4915.8, -3788.2]","(-2898.5, -1394.95]","(-26086.2, -25818.1]","(-298.2, 1382.6]","(20033.4, 21625.1]","(1492.9, 4336.0]","(2297.35, 4345.3]","(-8948.6, -6461.4]","(-19711.8, -17586.75]","(-18335.0, -17268.6]","(-7462.55, -5534.6]","(-9632.5, -8587.25]","(-32689.2, -32688.8]","(-7600.25, -6391.2]","(-1889.0, -400.4]","(280.6, 2173.0]","(-28945.7, -28669.6]","(-16751.8, -16042.5]","(26224.1, 27158.8]","(-8268.6, -7933.25]","(-21807.234, -20469.3]","(-8135.2, -6371.4]","(-23083.25, -21921.9]","(-17744.25, -16903.1]","(-21799.0, -20713.0]","(18391.8, 19642.6]",4.47,2,0
"(-7781.0, -7215.0]","(-9293.5, -8101.0]","(-15194.4, -14317.45]","(-4915.8, -3788.2]","(-2898.5, -1394.95]","(-26086.2, -25818.1]","(-298.2, 1382.6]","(20033.4, 21625.1]","(1492.9, 4336.0]","(2297.35, 4345.3]","(-8948.6, -6461.4]","(-17586.75, -15461.7]","(-18335.0, -17268.6]","(-7462.55, -5534.6]","(-9632.5, -8587.25]","(-32690.4, -32690.0]","(-7600.25, -6391.2]","(-1889.0, -400.4]","(280.6, 2173.0]","(-28945.7, -28669.6]","(-16751.8, -16042.5]","(27158.8, 28093.5]","(-8268.6, -7933.25]","(-21807.234, -20469.3]","(-8135.2, -6371.4]","(-23083.25, -21921.9]","(-17744.25, -16903.1]","(-21799.0, -20713.0]","(18391.8, 19642.6]",4.5,2,0
"(-7781.0, -7215.0]","(-9293.5, -8101.0]","(-15194.4, -14317.45]","(-4915.8, -3788.2]","(-4402.05, -2898.5]","(-26086.2, -25818.1]","(-298.2, 1382.6]","(20033.4, 21625.1]","(1492.9, 4336.0]","(2297.35, 4345.3]","(-8948.6, -6461.4]","(-17586.75, -15461.7]","(-18335.0, -17268.6]","(-7462.55, -5534.6]","(-8587.25, -7542.0]","(-32690.4, -32690.0]","(-7600.25, -6391.2]","(-1889.0, -400.4]","(280.6, 2173.0]","(-28945.7, -28669.6]","(-16751.8, -16042.5]","(27158.8, 28093.5]","(-8268.6, -7933.25]","(-21807.234, -20469.3]","(-8135.2, -6371.4]","(-23083.25, -21921.9]","(-17744.25, -16903.1]","(-21799.0, -20713.0]","(18391.8, 19642.6]",4.53,2,0
"(-7781.0, -7215.0]","(-9293.5, -8101.0]","(-15194.4, -14317.45]","(-4915.8, -3788.2]","(-4402.05, -2898.5]","(-26086.2, -25818.1]","(-298.2, 1382.6]","(20033.4, 21625.1]","(1492.9, 4336.0]","(2297.35, 4345.3]","(-8948.6, -6461.4]","(-17586.75, -15461.7]","(-18335.0, -17268.6]","(-7462.55, -5534.6]","(-8587.25, -7542.0]","(-32690.4, -32690.0]","(-7600.25, -6391.2]","(-1889.0, -400.4]","(280.6, 2173.0]","(-28945.7, -28669.6]","(-16751.8, -16042.5]","(27158.8, 28093.5]","(-8268.6, -7933.25]","(-21807.234, -20469.3]","(-8135.2, -6371.4]","(-23083.25, -21921.9]","(-17744.25, -16903.1]","(-21799.0, -20713.0]","(18391.8, 19642.6]",4.56,2,0
"(-7781.0, -7215.0]","(-10486.0, -9293.5]","(-15194.4, -14317.45]","(-4915.8, -3788.2]","(-4402.05, -2898.5]","(-26086.2, -25818.1]","(-298.2, 1382.6]","(20033.4, 21625.1]","(1492.9, 4336.0]","(2297.35, 4345.3]","(-8948.6, -6461.4]","(-17586.75, -15461.7]","(-18335.0, -17268.6]","(-5534.6, -3606.65]","(-8587.25, -7542.0]","(-32689.2, -32688.8]","(-7600.25, -6391.2]","(-1889.0, -400.4]","(280.6, 2173.0]","(-28945.7, -28669.6]","(-16751.8, -16042.5]","(27158.8, 28093.5]","(-8268.6, -7933.25]","(-21807.234, -20469.3]","(-8135.2, -6371.4]","(-23083.25, -21921.9]","(-17744.25, -16903.1]","(-21799.0, -20713.0]","(18391.8, 19642.6]",4.59,2,0
"(-7781.0, -7215.0]","(-10486.0, -9293.5]","(-15194.4, -14317.45]","(-4915.8, -3788.2]","(-4402.05, -2898.5]","(-26086.2, -25818.1]","(-298.2, 1382.6]","(20033.4, 21625.1]","(1492.9, 4336.0]","(2297.35, 4345.3]","(-8948.6, -6461.4]","(-17586.75, -15461.7]","(-18335.0, -17268.6]","(-5534.6, -3606.65]","(-8587.25, -7542.0]","(-32690.4, -32690.0]","(-7600.25, -6391.2]","(-1889.0, -400.4]","(280.6, 2173.0]","(-28945.7, -28669.6]","(-16751.8, -16042.5]","(27158.8, 28093.5]","(-8268.6, -7933.25]","(-21807.234, -20469.3]","(-8135.2, -6371.4]","(-23083.25, -21921.9]","(-17744.25, -16903.1]","(-21799.0, -20713.0]","(18391.8, 19642.6]",4.62,2,0
"(-7781.0, -7215.0]","(-10486.0, -9293.5]","(-15194.4, -14317.45]","(-4915.8, -3788.2]","(-4402.05, -2898.5]","(-26086.2, -25818.1]","(-298.2, 1382.6]","(20033.4, 21625.1]","(1492.9, 4336.0]","(2297.35, 4345.3]","(-8948.6, -6461.4]","(-17586.75, -15461.7]","(-18335.0, -17268.6]","(-5534.6, -3606.65]","(-8587.25, -7542.0]","(-32689.2, -32688.8]","(-8809.3, -7600.25]","(-1889.0, -400.4]","(280.6, 2173.0]","(-28945.7, -28669.6]","(-16751.8, -16042.5]","(28093.5, 29028.2]","(-8268.6, -7933.25]","(-21807.234, -20469.3]","(-8135.2, -6371.4]","(-23083.25, -21921.9]","(-17744.25, -16903.1]","(-21799.0, -20713.0]","(18391.8, 19642.6]",4.6499999999999995,2,0
"(-7781.0, -7215.0]","(-10486.0, -9293.5]","(-15194.4, -14317.45]","(-6043.4, -4915.8]","(-4402.05, -2898.5]","(-26086.2, -25818.1]","(-298.2, 1382.6]","(20033.4, 21625.1]","(1492.9, 4336.0]","(2297.35, 4345.3]","(-6461.4, -3974.2]","(-17586.75, -15461.7]","(-18335.0, -17268.6]","(-5534.6, -3606.65]","(-9632.5, -8587.25]","(-32689.2, -32688.8]","(-8809.3, -7600.25]","(-1889.0, -400.4]","(280.6, 2173.0]","(-28945.7, -28669.6]","(-16751.8, -16042.5]","(28093.5, 29028.2]","(-8268.6, -7933.25]","(-21807.234, -20469.3]","(-8135.2, -6371.4]","(-23083.25, -21921.9]","(-17744.25, -16903.1]","(-21799.0, -20713.0]","(18391.8, 19642.6]",4.68,2,0
"(-7781.0, -7215.0]","(-10486.0, -9293.5]","(-15194.4, -14317.45]","(-6043.4, -4915.8]","(-4402.05, -2898.5]","(-26086.2, -25818.1]","(-298.2, 1382.6]","(21625.1, 23216.8]","(1492.9, 4336.0]","(2297.35, 4345.3]","(-6461.4, -3974.2]","(-17586.75, -15461.7]","(-17268.6, -16202.2]","(-5534.6, -3606.65]","(-10677.75, -9632.5]","(-32690.4, -32690.0]","(-8809.3, -7600.25]","(-1889.0, -400.4]","(280.6, 2173.0]","(-28945.7, -28669.6]","(-16751.8, -16042.5]","(28093.5, 29028.2]","(-8268.6, -7933.25]","(-21807.234, -20469.3]","(-8135.2, -6371.4]","(-23083.25, -21921.9]","(-17744.25, -16903.1]","(-21799.0, -20713.0]","(18391.8, 19642.6]",4.71,2,0
"(-7781.0, -7215.0]","(-10486.0, -9293.5]","(-15194.4, -14317.45]","(-6043.4, -4915.8]","(-4402.05, -2898.5]","(-26086.2, -25818.1]","(-298.2, 1382.6]","(20033.4, 21625.1]","(1492.9, 4336.0]","(2297.35, 4345.3]","(-6461.4, -3974.2]","(-17586.75, -15461.7]","(-17268.6, -16202.2]","(-5534.6, -3606.65]","(-10677.75, -9632.5]","(-32689.2, -32688.8]","(-8809.3, -7600.25]","(-1889.0, -400.4]","(280.6, 2173.0]","(-28945.7, -28669.6]","(-16751.8, -16042.5]","(29028.2, 29962.9]","(-8268.6, -7933.25]","(-21807.234, -20469.3]","(-8135.2, -6371.4]","(-23083.25, -21921.9]","(-17744.25, -16903.1]","(-21799.0, -20713.0]","(18391.8, 19642.6]",4.74,2,0
"(-7781.0, -7215.0]","(-10486.0, -9293.5]","(-16071.35, -15194.4]","(-6043.4, -4915.8]","(-4402.05, -2898.5]","(-26086.2, -25818.1]","(-298.2, 1382.6]","(21625.1, 23216.8]","(1492.9, 4336.0]","(2297.35, 4345.3]","(-6461.4, -3974.2]","(-17586.75, -15461.7]","(-17268.6, -16202.2]","(-3606.65, -1678.7]","(-13813.5, -12768.25]","(-32691.2, -32690.8]","(-8809.3, -7600.25]","(-1889.0, -400.4]","(280.6, 2173.0]","(-28945.7, -28669.6]","(-16751.8, -16042.5]","(29028.2, 29962.9]","(-8268.6, -7933.25]","(-21807.234, -20469.3]","(-6371.4, -4607.6]","(-23083.25, -21921.9]","(-17744.25, -16903.1]","(-21799.0, -20713.0]","(18391.8, 19642.6]",4.77,2,0
"(-7781.0, -7215.0]","(-10486.0, -9293.5]","(-16071.35, -15194.4]","(-6043.4, -4915.8]","(-4402.05, -2898.5]","(-26086.2, -25818.1]","(-298.2, 1382.6]","(21625.1, 23216.8]","(1492.9, 4336.0]","(2297.35, 4345.3]","(-6461.4, -3974.2]","(-17586.75, -15461.7]","(-17268.6, -16202.2]","(-3606.65, -1678.7]","(-14858.75, -13813.5]","(-32690.4, -32690.0]","(-10018.35, -8809.3]","(-1889.0, -400.4]","(280.6, 2173.0]","(-28945.7, -28669.6]","(-16751.8, -16042.5]","(29962.9, 30897.6]","(-8268.6, -7933.25]","(-21807.234, -20469.3]","(-6371.4, -4607.6]","(-23083.25, -21921.9]","(-17744.25, -16903.1]","(-21799.0, -20713.0]","(18391.8, 19642.6]",4.8,2,0
"(-7781.0, -7215.0]","(-10486.0, -9293.5]","(-16071.35, -15194.4]","(-6043.4, -4915.8]","(-5905.6, -4402.05]","(-26086.2, -25818.1]","(-298.2, 1382.6]","(21625.1, 23216.8]","(1492.9, 4336.0]","(4345.3, 6393.25]","(-6461.4, -3974.2]","(-15461.7, -13336.65]","(-16202.2, -15135.8]","(-3606.65, -1678.7]","(-19039.75, -17994.5]","(-32690.4, -32690.0]","(-10018.35, -8809.3]","(-1889.0, -400.4]","(280.6, 2173.0]","(-28945.7, -28669.6]","(-16751.8, -16042.5]","(29962.9, 30897.6]","(-8268.6, -7933.25]","(-21807.234, -20469.3]","(-6371.4, -4607.6]","(-23083.25, -21921.9]","(-17744.25, -16903.1]","(-21799.0, -20713.0]","(18391.8, 19642.6]",4.83,2,0
"(-7781.0, -7215.0]","(-10486.0, -9293.5]","(-16071.35, -15194.4]","(-7171.0, -6043.4]","(-5905.6, -4402.05]","(-26086.2, -25818.1]","(-298.2, 1382.6]","(21625.1, 23216.8]","(1492.9, 4336.0]","(4345.3, 6393.25]","(-6461.4, -3974.2]","(-15461.7, -13336.65]","(-16202.2, -15135.8]","(-3606.65, -1678.7]","(-19039.75, -17994.5]","(-32690.4, -32690.0]","(-11227.4, -10018.35]","(-1889.0, -400.4]","(280.6, 2173.0]","(-28945.7, -28669.6]","(-16751.8, -16042.5]","(29962.9, 30897.6]","(-8268.6, -7933.25]","(-21807.234, -20469.3]","(-6371.4, -4607.6]","(-23083.25, -21921.9]","(-17744.25, -16903.1]","(-21799.0, -20713.0]","(18391.8, 19642.6]",4.859999999999999,2,0
"(-7781.0, -7215.0]","(-10486.0, -9293.5]","(-16071.35, -15194.4]","(-7171.0, -6043.4]","(-5905.6, -4402.05]","(-26086.2, -25818.1]","(-298.2, 1382.6]","(21625.1, 23216.8]","(1492.9, 4336.0]","(4345.3, 6393.25]","(-3974.2, -1487.0]","(-15461.7, -13336.65]","(-16202.2, -15135.8]","(-3606.65, -1678.7]","(-20085.0, -19039.75]","(-32690.4, -32690.0]","(-11227.4, -10018.35]","(-1889.0, -400.4]","(280.6, 2173.0]","(-28945.7, -28669.6]","(-16751.8, -16042.5]","(30897.6, 31832.3]","(-8268.6, -7933.25]","(-21807.234, -20469.3]","(-6371.4, -4607.6]","(-23083.25, -21921.9]","(-17744.25, -16903.1]","(-21799.0, -20713.0]","(18391.8, 19642.6]",4.89,2,0
"(-7781.0, -7215.0]","(-10486.0, -9293.5]","(-16071.35, -15194.4]","(-7171.0, -6043.4]","(-5905.6, -4402.05]","(-26086.2, -25818.1]","(-298.2, 1382.6]","(21625.1, 23216.8]","(1492.9, 4336.0]","(4345.3, 6393.25]","(-3974.2, -1487.0]","(-15461.7, -13336.65]","(-16202.2, -15135.8]","(-3606.65, -1678.7]","(-20085.0, -19039.75]","(-32690.4, -32690.0]","(-11227.4, -10018.35]","(-1889.0, -400.4]","(280.6, 2173.0]","(-28945.7, -28669.6]","(-16751.8, -16042.5]","(30897.6, 31832.3]","(-8268.6, -7933.25]","(-21807.234, -20469.3]","(-6371.4, -4607.6]","(-23083.25, -21921.9]","(-17744.25, -16903.1]","(-21799.0, -20713.0]","(18391.8, 19642.6]",4.92,2,0
"(-7781.0, -7215.0]","(-10486.0, -9293.5]","(-16071.35, -15194.4]","(-7171.0, -6043.4]","(-5905.6, -4402.05]","(-25818.1, -25550.0]","(-298.2, 1382.6]","(21625.1, 23216.8]","(1492.9, 4336.0]","(4345.3, 6393.25]","(-3974.2, -1487.0]","(-15461.7, -13336.65]","(-16202.2, -15135.8]","(-3606.65, -1678.7]","(-21130.25, -20085.0]","(-32690.4, -32690.0]","(-12436.45, -11227.4]","(-1889.0, -400.4]","(280.6, 2173.0]","(-28945.7, -28669.6]","(-16751.8, -16042.5]","(31832.3, 32767.0]","(-8268.6, -7933.25]","(-21807.234, -20469.3]","(-6371.4, -4607.6]","(-23083.25, -21921.9]","(-17744.25, -16903.1]","(-21799.0, -20713.0]","(18391.8, 19642.6]",4.95,2,0
"(-7781.0, -7215.0]","(-10486.0, -9293.5]","(-16071.35, -15194.4]","(-7171.0, -6043.4]","(-5905.6, -4402.05]","(-25818.1, -25550.0]","(-298.2, 1382.6]","(21625.1, 23216.8]","(1492.9, 4336.0]","(4345.3, 6393.25]","(-3974.2, -1487.0]","(-15461.7, -13336.65]","(-16202.2, -15135.8]","(-3606.65, -1678.7]","(-20085.0, -19039.75]","(-32690.4, -32690.0]","(-12436.45, -11227.4]","(-1889.0, -400.4]","(280.6, 2173.0]","(-28945.7, -28669.6]","(-16751.8, -16042.5]","(31832.3, 32767.0]","(-8268.6, -7933.25]","(-21807.234, -20469.3]","(-6371.4, -4607.6]","(-23083.25, -21921.9]","(-17744.25, -16903.1]","(-21799.0, -20713.0]","(18391.8, 19642.6]",4.9799999999999995,2,0
"(-7781.0, -7215.0]","(-10486.0, -9293.5]","(-16071.35, -15194.4]","(-7171.0, -6043.4]","(-5905.6, -4402.05]","(-25818.1, -25550.0]","(-298.2, 1382.6]","(23216.8, 24808.5]","(1492.9, 4336.0]","(4345.3, 6393.25]","(-3974.2, -1487.0]","(-15461.7, -13336.65]","(-15135.8, -14069.4]","(-3606.65, -1678.7]","(-21130.25, -20085.0]","(-32690.4, -32690.0]","(-12436.45, -11227.4]","(-3377.6, -1889.0]","(280.6, 2173.0]","(-28945.7, -28669.6]","(-16751.8, -16042.5]","(31832.3, 32767.0]","(-8268.6, -7933.25]","(-21807.234, -20469.3]","(-6371.4, -4607.6]","(-23083.25, -21921.9]","(-17744.25, -16903.1]","(-21799.0, -20713.0]","(18391.8, 19642.6]",5.01,2,0
"(-7781.0, -7215.0]","(-10486.0, -9293.5]","(-16071.35, -15194.4]","(-7171.0, -6043.4]","(-5905.6, -4402.05]","(-26086.2, -25818.1]","(-298.2, 1382.6]","(23216.8, 24808.5]","(1492.9, 4336.0]","(4345.3, 6393.25]","(-3974.2, -1487.0]","(-15461.7, -13336.65]","(-15135.8, -14069.4]","(-3606.65, -1678.7]","(-21130.25, -20085.0]","(-32690.4, -32690.0]","(-13645.5, -12436.45]","(-3377.6, -1889.0]","(280.6, 2173.0]","(-28945.7, -28669.6]","(-16751.8, -16042.5]","(31832.3, 32767.0]","(-8268.6, -7933.25]","(-21807.234, -20469.3]","(-6371.4, -4607.6]","(-23083.25, -21921.9]","(-17744.25, -16903.1]","(-21799.0, -20713.0]","(18391.8, 19642.6]",5.04,2,0
"(-7781.0, -7215.0]","(-9293.5, -8101.0]","(-16071.35, -15194.4]","(-7171.0, -6043.4]","(-7409.15, -5905.6]","(-26086.2, -25818.1]","(-298.2, 1382.6]","(23216.8, 24808.5]","(1492.9, 4336.0]","(4345.3, 6393.25]","(-3974.2, -1487.0]","(-15461.7, -13336.65]","(-15135.8, -14069.4]","(-3606.65, -1678.7]","(-21130.25, -20085.0]","(-32691.2, -32690.8]","(-13645.5, -12436.45]","(-3377.6, -1889.0]","(280.6, 2173.0]","(-28945.7, -28669.6]","(-16751.8, -16042.5]","(31832.3, 32767.0]","(-8268.6, -7933.25]","(-21807.234, -20469.3]","(-6371.4, -4607.6]","(-23083.25, -21921.9]","(-17744.25, -16903.1]","(-21799.0, -20713.0]","(18391.8, 19642.6]",5.069999999999999,2,0
"(-7781.0, -7215.0]","(-9293.5, -8101.0]","(-16071.35, -15194.4]","(-7171.0, -6043.4]","(-7409.15, -5905.6]","(-26086.2, -25818.1]","(-298.2, 1382.6]","(23216.8, 24808.5]","(1492.9, 4336.0]","(4345.3, 6393.25]","(-3974.2, -1487.0]","(-15461.7, -13336.65]","(-15135.8, -14069.4]","(-5534.6, -3606.65]","(-21130.25, -20085.0]","(-32688.4, -32688.0]","(-13645.5, -12436.45]","(-3377.6, -1889.0]","(280.6, 2173.0]","(-28945.7, -28669.6]","(-16751.8, -16042.5]","(31832.3, 32767.0]","(-8268.6, -7933.25]","(-21807.234, -20469.3]","(-6371.4, -4607.6]","(-23083.25, -21921.9]","(-17744.25, -16903.1]","(-21799.0, -20713.0]","(18391.8, 19642.6]",5.1,2,0
"(-7781.0, -7215.0]","(-9293.5, -8101.0]","(-16071.35, -15194.4]","(-7171.0, -6043.4]","(-7409.15, -5905.6]","(-26086.2, -25818.1]","(-298.2, 1382.6]","(23216.8, 24808.5]","(1492.9, 4336.0]","(4345.3, 6393.25]","(-3974.2, -1487.0]","(-15461.7, -13336.65]","(-15135.8, -14069.4]","(-3606.65, -1678.7]","(-21130.25, -20085.0]","(-32691.2, -32690.8]","(-13645.5, -12436.45]","(-3377.6, -1889.0]","(280.6, 2173.0]","(-28945.7, -28669.6]","(-16751.8, -16042.5]","(31832.3, 32767.0]","(-8268.6, -7933.25]","(-21807.234, -20469.3]","(-6371.4, -4607.6]","(-23083.25, -21921.9]","(-17744.25, -16903.1]","(-21799.0, -20713.0]","(18391.8, 19642.6]",5.13,2,0
"(-7781.0, -7215.0]","(-9293.5, -8101.0]","(-16948.3, -16071.35]","(-8298.6, -7171.0]","(-7409.15, -5905.6]","(-26086.2, -25818.1]","(-298.2, 1382.6]","(23216.8, 24808.5]","(1492.9, 4336.0]","(4345.3, 6393.25]","(-3974.2, -1487.0]","(-15461.7, -13336.65]","(-15135.8, -14069.4]","(-3606.65, -1678.7]","(-21130.25, -20085.0]","(-32690.4, -32690.0]","(-14854.55, -13645.5]","(-3377.6, -1889.0]","(280.6, 2173.0]","(-28945.7, -28669.6]","(-16751.8, -16042.5]","(31832.3, 32767.0]","(-8268.6, -7933.25]","(-21807.234, -20469.3]","(-6371.4, -4607.6]","(-23083.25, -21921.9]","(-17744.25, -16903.1]","(-21799.0, -20713.0]","(18391.8, 19642.6]",5.16,2,0
"(-7781.0, -7215.0]","(-9293.5, -8101.0]","(-16948.3, -16071.35]","(-8298.6, -7171.0]","(-7409.15, -5905.6]","(-26086.2, -25818.1]","(-298.2, 1382.6]","(23216.8, 24808.5]","(1492.9, 4336.0]","(4345.3, 6393.25]","(-3974.2, -1487.0]","(-15461.7, -13336.65]","(-15135.8, -14069.4]","(-3606.65, -1678.7]","(-22175.5, -21130.25]","(-32690.4, -32690.0]","(-14854.55, -13645.5]","(-4866.2, -3377.6]","(280.6, 2173.0]","(-28945.7, -28669.6]","(-16751.8, -16042.5]","(31832.3, 32767.0]","(-8268.6, -7933.25]","(-21807.234, -20469.3]","(-6371.4, -4607.6]","(-23083.25, -21921.9]","(-17744.25, -16903.1]","(-21799.0, -20713.0]","(18391.8, 19642.6]",5.1899999999999995,2,0
"(-7781.0, -7215.0]","(-9293.5, -8101.0]","(-16948.3, -16071.35]","(-8298.6, -7171.0]","(-7409.15, -5905.6]","(-26086.2, -25818.1]","(-298.2, 1382.6]","(23216.8, 24808.5]","(1492.9, 4336.0]","(4345.3, 6393.25]","(-3974.2, -1487.0]","(-15461.7, -13336.65]","(-15135.8, -14069.4]","(-3606.65, -1678.7]","(-22175.5, -21130.25]","(-32691.2, -32690.8]","(-14854.55, -13645.5]","(-4866.2, -3377.6]","(-1611.8, 280.6]","(-28945.7, -28669.6]","(-16751.8, -16042.5]","(31832.3, 32767.0]","(-8268.6, -7933.25]","(-21807.234, -20469.3]","(-6371.4, -4607.6]","(-23083.25, -21921.9]","(-17744.25, -16903.1]","(-21799.0, -20713.0]","(18391.8, 19642.6]",5.22,2,0
"(-7781.0, -7215.0]","(-9293.5, -8101.0]","(-16948.3, -16071.35]","(-8298.6, -7171.0]","(-7409.15, -5905.6]","(-26086.2, -25818.1]","(-298.2, 1382.6]","(23216.8, 24808.5]","(1492.9, 4336.0]","(4345.3, 6393.25]","(-3974.2, -1487.0]","(-15461.7, -13336.65]","(-15135.8, -14069.4]","(-3606.65, -1678.7]","(-22175.5, -21130.25]","(-32690.4, -32690.0]","(-14854.55, -13645.5]","(-4866.2, -3377.6]","(-1611.8, 280.6]","(-28945.7, -28669.6]","(-16751.8, -16042.5]","(31832.3, 32767.0]","(-8268.6, -7933.25]","(-21807.234, -20469.3]","(-6371.4, -4607.6]","(-23083.25, -21921.9]","(-17744.25, -16903.1]","(-21799.0, -20713.0]","(18391.8, 19642.6]",5.25,2,0
"(-7781.0, -7215.0]","(-9293.5, -8101.0]","(-16948.3, -16071.35]","(-8298.6, -7171.0]","(-7409.15, -5905.6]","(-26086.2, -25818.1]","(-298.2, 1382.6]","(23216.8, 24808.5]","(1492.9, 4336.0]","(4345.3, 6393.25]","(-3974.2, -1487.0]","(-15461.7, -13336.65]","(-15135.8, -14069.4]","(-3606.65, -1678.7]","(-22175.5, -21130.25]","(-32690.4, -32690.0]","(-14854.55, -13645.5]","(-4866.2, -3377.6]","(-1611.8, 280.6]","(-28945.7, -28669.6]","(-16751.8, -16042.5]","(31832.3, 32767.0]","(-8268.6, -7933.25]","(-21807.234, -20469.3]","(-6371.4, -4607.6]","(-23083.25, -21921.9]","(-17744.25, -16903.1]","(-21799.0, -20713.0]","(18391.8, 19642.6]",5.279999999999999,2,0
"(-7781.0, -7215.0]","(-8101.0, -6908.5]","(-16948.3, -16071.35]","(-8298.6, -7171.0]","(-7409.15, -5905.6]","(-26086.2, -25818.1]","(-298.2, 1382.6]","(23216.8, 24808.5]","(1492.9, 4336.0]","(4345.3, 6393.25]","(-3974.2, -1487.0]","(-15461.7, -13336.65]","(-15135.8, -14069.4]","(-3606.65, -1678.7]","(-21130.25, -20085.0]","(-32690.4, -32690.0]","(-14854.55, -13645.5]","(-4866.2, -3377.6]","(-1611.8, 280.6]","(-28945.7, -28669.6]","(-16751.8, -16042.5]","(31832.3, 32767.0]","(-8268.6, -7933.25]","(-21807.234, -20469.3]","(-6371.4, -4607.6]","(-23083.25, -21921.9]","(-18585.4, -17744.25]","(-21799.0, -20713.0]","(18391.8, 19642.6]",5.31,2,0
"(-7781.0, -7215.0]","(-8101.0, -6908.5]","(-16948.3, -16071.35]","(-8298.6, -7171.0]","(-7409.15, -5905.6]","(-26086.2, -25818.1]","(-298.2, 1382.6]","(23216.8, 24808.5]","(1492.9, 4336.0]","(4345.3, 6393.25]","(-3974.2, -1487.0]","(-15461.7, -13336.65]","(-15135.8, -14069.4]","(-3606.65, -1678.7]","(-21130.25, -20085.0]","(-32691.2, -32690.8]","(-16063.6, -14854.55]","(-4866.2, -3377.6]","(-1611.8, 280.6]","(-28945.7, -28669.6]","(-16751.8, -16042.5]","(31832.3, 32767.0]","(-8268.6, -7933.25]","(-21807.234, -20469.3]","(-6371.4, -4607.6]","(-23083.25, -21921.9]","(-18585.4, -17744.25]","(-21799.0, -20713.0]","(18391.8, 19642.6]",5.34,2,0
"(-7781.0, -7215.0]","(-8101.0, -6908.5]","(-16948.3, -16071.35]","(-8298.6, -7171.0]","(-7409.15, -5905.6]","(-26086.2, -25818.1]","(-298.2, 1382.6]","(23216.8, 24808.5]","(1492.9, 4336.0]","(4345.3, 6393.25]","(-3974.2, -1487.0]","(-15461.7, -13336.65]","(-15135.8, -14069.4]","(-3606.65, -1678.7]","(-21130.25, -20085.0]","(-32690.4, -32690.0]","(-16063.6, -14854.55]","(-6354.8, -4866.2]","(-1611.8, 280.6]","(-28945.7, -28669.6]","(-16751.8, -16042.5]","(31832.3, 32767.0]","(-8268.6, -7933.25]","(-21807.234, -20469.3]","(-6371.4, -4607.6]","(-23083.25, -21921.9]","(-18585.4, -17744.25]","(-21799.0, -20713.0]","(18391.8, 19642.6]",5.37,2,0
"(-7781.0, -7215.0]","(-8101.0, -6908.5]","(-16948.3, -16071.35]","(-8298.6, -7171.0]","(-7409.15, -5905.6]","(-26086.2, -25818.1]","(-298.2, 1382.6]","(23216.8, 24808.5]","(1492.9, 4336.0]","(4345.3, 6393.25]","(-3974.2, -1487.0]","(-15461.7, -13336.65]","(-15135.8, -14069.4]","(-3606.65, -1678.7]","(-21130.25, -20085.0]","(-32689.2, -32688.8]","(-16063.6, -14854.55]","(-6354.8, -4866.2]","(-1611.8, 280.6]","(-28945.7, -28669.6]","(-16751.8, -16042.5]","(31832.3, 32767.0]","(-8268.6, -7933.25]","(-21807.234, -20469.3]","(-6371.4, -4607.6]","(-23083.25, -21921.9]","(-18585.4, -17744.25]","(-21799.0, -20713.0]","(18391.8, 19642.6]",5.3999999999999995,2,0
"(-7781.0, -7215.0]","(-8101.0, -6908.5]","(-16948.3, -16071.35]","(-8298.6, -7171.0]","(-7409.15, -5905.6]","(-26086.2, -25818.1]","(-298.2, 1382.6]","(23216.8, 24808.5]","(1492.9, 4336.0]","(4345.3, 6393.25]","(-3974.2, -1487.0]","(-15461.7, -13336.65]","(-15135.8, -14069.4]","(-3606.65, -1678.7]","(-21130.25, -20085.0]","(-32691.2, -32690.8]","(-16063.6, -14854.55]","(-6354.8, -4866.2]","(-1611.8, 280.6]","(-28945.7, -28669.6]","(-16751.8, -16042.5]","(31832.3, 32767.0]","(-8268.6, -7933.25]","(-21807.234, -20469.3]","(-6371.4, -4607.6]","(-23083.25, -21921.9]","(-18585.4, -17744.25]","(-21799.0, -20713.0]","(18391.8, 19642.6]",5.43,2,0
"(-7781.0, -7215.0]","(-8101.0, -6908.5]","(-16948.3, -16071.35]","(-8298.6, -7171.0]","(-7409.15, -5905.6]","(-26086.2, -25818.1]","(-298.2, 1382.6]","(23216.8, 24808.5]","(-1350.2, 1492.9]","(4345.3, 6393.25]","(-3974.2, -1487.0]","(-15461.7, -13336.65]","(-15135.8, -14069.4]","(-3606.65, -1678.7]","(-21130.25, -20085.0]","(-32690.4, -32690.0]","(-16063.6, -14854.55]","(-6354.8, -4866.2]","(-1611.8, 280.6]","(-28945.7, -28669.6]","(-16751.8, -16042.5]","(31832.3, 32767.0]","(-8268.6, -7933.25]","(-21807.234, -20469.3]","(-6371.4, -4607.6]","(-23083.25, -21921.9]","(-18585.4, -17744.25]","(-21799.0, -20713.0]","(18391.8, 19642.6]",5.46,2,0
"(-7781.0, -7215.0]","(-8101.0, -6908.5]","(-16948.3, -16071.35]","(-8298.6, -7171.0]","(-7409.15, -5905.6]","(-26086.2, -25818.1]","(-298.2, 1382.6]","(23216.8, 24808.5]","(-1350.2, 1492.9]","(4345.3, 6393.25]","(-3974.2, -1487.0]","(-15461.7, -13336.65]","(-15135.8, -14069.4]","(-3606.65, -1678.7]","(-21130.25, -20085.0]","(-32690.4, -32690.0]","(-16063.6, -14854.55]","(-6354.8, -4866.2]","(-1611.8, 280.6]","(-28945.7, -28669.6]","(-16751.8, -16042.5]","(31832.3, 32767.0]","(-8268.6, -7933.25]","(-21807.234, -20469.3]","(-6371.4, -4607.6]","(-23083.25, -21921.9]","(-18585.4, -17744.25]","(-21799.0, -20713.0]","(18391.8, 19642.6]",5.49,2,0
"(-7781.0, -7215.0]","(-8101.0, -6908.5]","(-16948.3, -16071.35]","(-8298.6, -7171.0]","(-7409.15, -5905.6]","(-26086.2, -25818.1]","(-298.2, 1382.6]","(21625.1, 23216.8]","(-1350.2, 1492.9]","(4345.3, 6393.25]","(-3974.2, -1487.0]","(-15461.7, -13336.65]","(-15135.8, -14069.4]","(-3606.65, -1678.7]","(-21130.25, -20085.0]","(-32690.4, -32690.0]","(-16063.6, -14854.55]","(-6354.8, -4866.2]","(-1611.8, 280.6]","(-28945.7, -28669.6]","(-16751.8, -16042.5]","(31832.3, 32767.0]","(-8268.6, -7933.25]","(-21807.234, -20469.3]","(-6371.4, -4607.6]","(-23083.25, -21921.9]","(-18585.4, -17744.25]","(-21799.0, -20713.0]","(18391.8, 19642.6]",5.52,2,0
"(-7781.0, -7215.0]","(-8101.0, -6908.5]","(-16948.3, -16071.35]","(-8298.6, -7171.0]","(-7409.15, -5905.6]","(-26086.2, -25818.1]","(-298.2, 1382.6]","(23216.8, 24808.5]","(-1350.2, 1492.9]","(4345.3, 6393.25]","(-3974.2, -1487.0]","(-15461.7, -13336.65]","(-15135.8, -14069.4]","(-3606.65, -1678.7]","(-21130.25, -20085.0]","(-32690.4, -32690.0]","(-16063.6, -14854.55]","(-7843.4, -6354.8]","(-1611.8, 280.6]","(-28945.7, -28669.6]","(-16751.8, -16042.5]","(31832.3, 32767.0]","(-8268.6, -7933.25]","(-21807.234, -20469.3]","(-6371.4, -4607.6]","(-23083.25, -21921.9]","(-18585.4, -17744.25]","(-21799.0, -20713.0]","(17141.0, 18391.8]",5.55,2,0
"(-7781.0, -7215.0]","(-8101.0, -6908.5]","(-16948.3, -16071.35]","(-8298.6, -7171.0]","(-7409.15, -5905.6]","(-26086.2, -25818.1]","(-298.2, 1382.6]","(21625.1, 23216.8]","(-1350.2, 1492.9]","(4345.3, 6393.25]","(-3974.2, -1487.0]","(-15461.7, -13336.65]","(-15135.8, -14069.4]","(-3606.65, -1678.7]","(-21130.25, -20085.0]","(-32690.4, -32690.0]","(-16063.6, -14854.55]","(-7843.4, -6354.8]","(-3504.2, -1611.8]","(-28945.7, -28669.6]","(-16751.8, -16042.5]","(31832.3, 32767.0]","(-8268.6, -7933.25]","(-21807.234, -20469.3]","(-6371.4, -4607.6]","(-23083.25, -21921.9]","(-18585.4, -17744.25]","(-21799.0, -20713.0]","(18391.8, 19642.6]",5.58,2,0
"(-7781.0, -7215.0]","(-8101.0, -6908.5]","(-16948.3, -16071.35]","(-8298.6, -7171.0]","(-8912.7, -7409.15]","(-26086.2, -25818.1]","(-298.2, 1382.6]","(23216.8, 24808.5]","(-1350.2, 1492.9]","(4345.3, 6393.25]","(-3974.2, -1487.0]","(-15461.7, -13336.65]","(-15135.8, -14069.4]","(-3606.65, -1678.7]","(-21130.25, -20085.0]","(-32690.4, -32690.0]","(-16063.6, -14854.55]","(-7843.4, -6354.8]","(-3504.2, -1611.8]","(-28945.7, -28669.6]","(-16751.8, -16042.5]","(31832.3, 32767.0]","(-8268.6, -7933.25]","(-21807.234, -20469.3]","(-6371.4, -4607.6]","(-23083.25, -21921.9]","(-18585.4, -17744.25]","(-21799.0, -20713.0]","(18391.8, 19642.6]",5.609999999999999,2,0
"(-7781.0, -7215.0]","(-8101.0, -6908.5]","(-16948.3, -16071.35]","(-8298.6, -7171.0]","(-8912.7, -7409.15]","(-26086.2, -25818.1]","(-298.2, 1382.6]","(23216.8, 24808.5]","(-1350.2, 1492.9]","(4345.3, 6393.25]","(-3974.2, -1487.0]","(-15461.7, -13336.65]","(-15135.8, -14069.4]","(-3606.65, -1678.7]","(-21130.25, -20085.0]","(-32691.2, -32690.8]","(-16063.6, -14854.55]","(-7843.4, -6354.8]","(-3504.2, -1611.8]","(-28945.7, -28669.6]","(-16751.8, -16042.5]","(31832.3, 32767.0]","(-8268.6, -7933.25]","(-21807.234, -20469.3]","(-6371.4, -4607.6]","(-23083.25, -21921.9]","(-18585.4, -17744.25]","(-21799.0, -20713.0]","(17141.0, 18391.8]",5.64,2,0
"(-7781.0, -7215.0]","(-8101.0, -6908.5]","(-16948.3, -16071.35]","(-8298.6, -7171.0]","(-8912.7, -7409.15]","(-26086.2, -25818.1]","(-298.2, 1382.6]","(23216.8, 24808.5]","(-1350.2, 1492.9]","(4345.3, 6393.25]","(-3974.2, -1487.0]","(-15461.7, -13336.65]","(-15135.8, -14069.4]","(-3606.65, -1678.7]","(-21130.25, -20085.0]","(-32690.4, -32690.0]","(-16063.6, -14854.55]","(-7843.4, -6354.8]","(-3504.2, -1611.8]","(-28945.7, -28669.6]","(-16751.8, -16042.5]","(31832.3, 32767.0]","(-8268.6, -7933.25]","(-21807.234, -20469.3]","(-6371.4, -4607.6]","(-23083.25, -21921.9]","(-18585.4, -17744.25]","(-21799.0, -20713.0]","(17141.0, 18391.8]",5.67,2,0
