"t","X1","X2","X3","X4","X5","CV4","CV2","CV1","CV3"
"0.0","X1_E","X2_C","X3_B","X4_D","X5_A","CV4_B","CV2_A","CV1_B","CV3_B"
"0.052324428858495364","X1_D","X2_C","X3_B","X4_D","X5_A","CV4_B","CV2_A","CV1_B","CV3_B"
"0.12249784990002388","X1_D","X2_C","X3_E","X4_D","X5_A","CV4_B","CV2_A","CV1_B","CV3_B"
"0.16896681581192496","X1_D","X2_C","X3_C","X4_D","X5_A","CV4_B","CV2_A","CV1_B","CV3_B"
"0.18752979337858866","X1_D","X2_C","X3_A","X4_D","X5_A","CV4_B","CV2_A","CV1_B","CV3_B"
"0.21989480966538527","X1_D","X2_C","X3_C","X4_D","X5_A","CV4_B","CV2_A","CV1_B","CV3_B"
"0.26050857081520906","X1_D","X2_C","X3_B","X4_D","X5_A","CV4_B","CV2_A","CV1_B","CV3_B"
"0.2890839420667246","X1_D","X2_C","X3_C","X4_D","X5_A","CV4_B","CV2_A","CV1_B","CV3_B"
"0.37678116492822405","X1_D","X2_C","X3_C","X4_E","X5_A","CV4_B","CV2_A","CV1_B","CV3_B"
"0.4355689559628407","X1_D","X2_C","X3_C","X4_C","X5_A","CV4_B","CV2_A","CV1_B","CV3_B"
"0.4512715272049675","X1_D","X2_C","X3_C","X4_D","X5_A","CV4_B","CV2_A","CV1_B","CV3_B"
"0.5329840531140904","X1_D","X2_C","X3_C","X4_A","X5_A","CV4_B","CV2_A","CV1_B","CV3_B"
"0.5454638117285706","X1_D","X2_C","X3_C","X4_E","X5_A","CV4_B","CV2_A","CV1_B","CV3_B"
"0.6383432646320744","X1_D","X2_C","X3_C","X4_E","X5_B","CV4_B","CV2_A","CV1_B","CV3_B"
"0.6548959545181923","X1_D","X2_C","X3_C","X4_E","X5_A","CV4_B","CV2_A","CV1_B","CV3_B"
"0.7114810596103224","X1_D","X2_C","X3_C","X4_E","X5_B","CV4_B","CV2_A","CV1_B","CV3_B"
"0.7442843876108654","X1_D","X2_C","X3_C","X4_E","X5_A","CV4_B","CV2_A","CV1_B","CV3_B"
"0.752340498653399","X1_D","X2_C","X3_C","X4_E","X5_B","CV4_B","CV2_A","CV1_B","CV3_B"
"0.8595902749527541","X1_D","X2_C","X3_C","X4_E","X5_D","CV4_B","CV2_A","CV1_B","CV3_B"
"0.9659615489010165","X1_D","X2_C","X3_C","X4_E","X5_A","CV4_B","CV2_A","CV1_B","CV3_B"
"0.9673007111823357","X1_D","X2_C","X3_C","X4_E","X5_C","CV4_B","CV2_A","CV1_B","CV3_B"
"0.9795198493435996","X1_D","X2_C","X3_C","X4_E","X5_E","CV4_B","CV2_A","CV1_B","CV3_B"
"0.9838121579656183","X1_D","X2_C","X3_C","X4_E","X5_C","CV4_B","CV2_A","CV1_B","CV3_B"
"1.0323111358300332","X1_D","X2_C","X3_C","X4_E","X5_B","CV4_B","CV2_A","CV1_B","CV3_B"
"1.094935001240243","X1_D","X2_C","X3_C","X4_E","X5_D","CV4_B","CV2_A","CV1_B","CV3_B"
"1.1845353404324053","X1_D","X2_C","X3_C","X4_E","X5_A","CV4_B","CV2_A","CV1_B","CV3_B"
"1.1853475851127775","X1_D","X2_C","X3_C","X4_E","X5_B","CV4_B","CV2_A","CV1_B","CV3_B"
"1.2972809772747875","X1_E","X2_C","X3_C","X4_E","X5_B","CV4_B","CV2_A","CV1_B","CV3_B"
"1.3671825126870716","X1_C","X2_C","X3_C","X4_E","X5_B","CV4_B","CV2_A","CV1_B","CV3_B"
"1.4330177036949734","X1_B","X2_C","X3_C","X4_E","X5_B","CV4_B","CV2_A","CV1_B","CV3_B"
"1.4694624262685698","X1_C","X2_C","X3_C","X4_E","X5_B","CV4_B","CV2_A","CV1_B","CV3_B"
"1.500330336311266","X1_A","X2_C","X3_C","X4_E","X5_B","CV4_B","CV2_A","CV1_B","CV3_B"
"1.5054021388056011","X1_B","X2_C","X3_C","X4_E","X5_B","CV4_B","CV2_A","CV1_B","CV3_B"
"1.547415894308127","X1_D","X2_C","X3_C","X4_E","X5_B","CV4_B","CV2_A","CV1_B","CV3_B"
"1.6496352947962811","X1_B","X2_C","X3_C","X4_E","X5_B","CV4_B","CV2_A","CV1_B","CV3_B"
"1.6763094834175394","X1_C","X2_C","X3_C","X4_E","X5_B","CV4_B","CV2_A","CV1_B","CV3_B"
"1.688338729367999","X1_E","X2_C","X3_C","X4_E","X5_B","CV4_B","CV2_A","CV1_B","CV3_B"
"1.7005970212975465","X1_C","X2_C","X3_C","X4_E","X5_B","CV4_B","CV2_A","CV1_B","CV3_B"
"1.7153045297717626","X1_E","X2_C","X3_C","X4_E","X5_B","CV4_B","CV2_A","CV1_B","CV3_B"
"1.7275548788704767","X1_A","X2_C","X3_C","X4_E","X5_B","CV4_B","CV2_A","CV1_B","CV3_B"
"1.7360577498705216","X1_C","X2_C","X3_C","X4_E","X5_B","CV4_B","CV2_A","CV1_B","CV3_B"
"1.7538499183967524","X1_E","X2_C","X3_C","X4_E","X5_B","CV4_B","CV2_A","CV1_B","CV3_B"
"1.7589415907288064","X1_A","X2_C","X3_C","X4_E","X5_B","CV4_B","CV2_A","CV1_B","CV3_B"
"1.8084349000400792","X1_E","X2_C","X3_C","X4_E","X5_B","CV4_B","CV2_A","CV1_B","CV3_B"
"1.8582852131791847","X1_B","X2_C","X3_C","X4_E","X5_B","CV4_B","CV2_A","CV1_B","CV3_B"
"1.9418933397868805","X1_C","X2_C","X3_C","X4_E","X5_B","CV4_B","CV2_A","CV1_B","CV3_B"
"1.9653994797038","X1_E","X2_C","X3_C","X4_E","X5_B","CV4_B","CV2_A","CV1_B","CV3_B"
"1.97781346744094","X1_D","X2_C","X3_C","X4_E","X5_B","CV4_B","CV2_A","CV1_B","CV3_B"
"2.1200325671578604","X1_D","X2_C","X3_C","X4_C","X5_B","CV4_B","CV2_A","CV1_B","CV3_B"
"2.1670114536921625","X1_D","X2_C","X3_C","X4_A","X5_B","CV4_B","CV2_A","CV1_B","CV3_B"
"2.1681386162084433","X1_D","X2_C","X3_C","X4_D","X5_B","CV4_B","CV2_A","CV1_B","CV3_B"
"2.204941695750358","X1_D","X2_C","X3_C","X4_C","X5_B","CV4_B","CV2_A","CV1_B","CV3_B"
"2.2294273024954037","X1_D","X2_C","X3_C","X4_D","X5_B","CV4_B","CV2_A","CV1_B","CV3_B"
"2.2583753940477065","X1_D","X2_C","X3_C","X4_A","X5_B","CV4_B","CV2_A","CV1_B","CV3_B"
"2.2662984667614547","X1_D","X2_C","X3_C","X4_B","X5_B","CV4_B","CV2_A","CV1_B","CV3_B"
"2.3280616090610744","X1_D","X2_C","X3_C","X4_E","X5_B","CV4_B","CV2_A","CV1_B","CV3_B"
"2.348819195020718","X1_D","X2_C","X3_C","X4_B","X5_B","CV4_B","CV2_A","CV1_B","CV3_B"
"2.4086681922539865","X1_D","X2_C","X3_C","X4_E","X5_B","CV4_B","CV2_A","CV1_B","CV3_B"
"2.439890489532983","X1_D","X2_C","X3_C","X4_C","X5_B","CV4_B","CV2_A","CV1_B","CV3_B"
"2.548052870424266","X1_D","X2_C","X3_C","X4_D","X5_B","CV4_B","CV2_A","CV1_B","CV3_B"
"2.55840502799184","X1_D","X2_C","X3_C","X4_E","X5_B","CV4_B","CV2_A","CV1_B","CV3_B"
"2.5888075106972166","X1_D","X2_C","X3_C","X4_B","X5_B","CV4_B","CV2_A","CV1_B","CV3_B"
"2.7426216777204178","X1_D","X2_C","X3_B","X4_B","X5_B","CV4_B","CV2_A","CV1_B","CV3_B"
"2.81180192489902","X1_D","X2_C","X3_D","X4_B","X5_B","CV4_B","CV2_A","CV1_B","CV3_B"
"2.8889564323118786","X1_D","X2_C","X3_C","X4_B","X5_B","CV4_B","CV2_A","CV1_B","CV3_B"
"2.9994756128664277","X1_D","X2_C","X3_A","X4_B","X5_B","CV4_B","CV2_A","CV1_B","CV3_B"
"3.000264048163044","X1_D","X2_C","X3_B","X4_B","X5_B","CV4_B","CV2_A","CV1_B","CV3_B"
"3.079882466092953","X1_D","X2_C","X3_E","X4_B","X5_B","CV4_B","CV2_A","CV1_B","CV3_B"
"3.1404370624603923","X1_D","X2_C","X3_A","X4_B","X5_B","CV4_B","CV2_A","CV1_B","CV3_B"
"3.1738634760438824","X1_D","X2_C","X3_B","X4_B","X5_B","CV4_B","CV2_A","CV1_B","CV3_B"
"3.1768235427036013","X1_D","X2_C","X3_E","X4_B","X5_B","CV4_B","CV2_A","CV1_B","CV3_B"
"3.222333043863033","X1_D","X2_C","X3_A","X4_B","X5_B","CV4_B","CV2_A","CV1_B","CV3_B"
"3.2279210288254356","X1_D","X2_C","X3_E","X4_B","X5_B","CV4_B","CV2_A","CV1_B","CV3_B"
"3.2614213017413634","X1_D","X2_C","X3_C","X4_B","X5_B","CV4_B","CV2_A","CV1_B","CV3_B"
"3.389088697946864","X1_D","X2_C","X3_B","X4_B","X5_B","CV4_B","CV2_A","CV1_B","CV3_B"
"3.4062671815541976","X1_D","X2_C","X3_C","X4_B","X5_B","CV4_B","CV2_A","CV1_B","CV3_B"
"3.569320373442958","X1_B","X2_C","X3_C","X4_B","X5_B","CV4_B","CV2_A","CV1_B","CV3_B"
"3.631380834979954","X1_E","X2_C","X3_C","X4_B","X5_B","CV4_B","CV2_A","CV1_B","CV3_B"
"3.658932505446766","X1_D","X2_C","X3_C","X4_B","X5_B","CV4_B","CV2_A","CV1_B","CV3_B"
"3.684193312733387","X1_E","X2_C","X3_C","X4_B","X5_B","CV4_B","CV2_A","CV1_B","CV3_B"
"3.770658143147715","X1_D","X2_C","X3_C","X4_B","X5_B","CV4_B","CV2_A","CV1_B","CV3_B"
"3.7827637770081286","X1_E","X2_C","X3_C","X4_B","X5_B","CV4_B","CV2_A","CV1_B","CV3_B"
"3.8116772839467497","X1_B","X2_C","X3_C","X4_B","X5_B","CV4_B","CV2_A","CV1_B","CV3_B"
"3.815551335233148","X1_E","X2_C","X3_C","X4_B","X5_B","CV4_B","CV2_A","CV1_B","CV3_B"
"3.8748393676167594","X1_C","X2_C","X3_C","X4_B","X5_B","CV4_B","CV2_A","CV1_B","CV3_B"
"3.8894601240708946","X1_D","X2_C","X3_C","X4_B","X5_B","CV4_B","CV2_A","CV1_B","CV3_B"
"3.9222154794338144","X1_B","X2_C","X3_C","X4_B","X5_B","CV4_B","CV2_A","CV1_B","CV3_B"
"3.939530532275263","X1_E","X2_C","X3_C","X4_B","X5_B","CV4_B","CV2_A","CV1_B","CV3_B"
"3.940636171654744","X1_B","X2_C","X3_C","X4_B","X5_B","CV4_B","CV2_A","CV1_B","CV3_B"
"3.9979227233630463","X1_E","X2_C","X3_C","X4_B","X5_B","CV4_B","CV2_A","CV1_B","CV3_B"
"4.0021463127507895","X1_A","X2_C","X3_C","X4_B","X5_B","CV4_B","CV2_A","CV1_B","CV3_B"
"4.020012624491603","X1_B","X2_C","X3_C","X4_B","X5_B","CV4_B","CV2_A","CV1_B","CV3_B"
"4.050894744929341","X1_D","X2_C","X3_C","X4_B","X5_B","CV4_B","CV2_A","CV1_B","CV3_B"
"4.214416037215116","X1_D","X2_A","X3_C","X4_B","X5_B","CV4_B","CV2_A","CV1_B","CV3_B"
"4.3579261604428545","X1_D","X2_C","X3_C","X4_B","X5_B","CV4_B","CV2_A","CV1_B","CV3_B"
"4.37564173504428","X1_D","X2_A","X3_C","X4_B","X5_B","CV4_B","CV2_A","CV1_B","CV3_B"
"4.418090601775947","X1_D","X2_C","X3_C","X4_B","X5_B","CV4_B","CV2_A","CV1_B","CV3_B"
"4.483803009898716","X1_D","X2_E","X3_C","X4_B","X5_B","CV4_B","CV2_A","CV1_B","CV3_B"
"4.489073979517844","X1_D","X2_A","X3_C","X4_B","X5_B","CV4_B","CV2_A","CV1_B","CV3_B"
"4.528734200736095","X1_D","X2_E","X3_C","X4_B","X5_B","CV4_B","CV2_A","CV1_B","CV3_B"
"4.547993668318855","X1_D","X2_B","X3_C","X4_B","X5_B","CV4_B","CV2_A","CV1_B","CV3_B"
"4.583241844649892","X1_D","X2_E","X3_C","X4_B","X5_B","CV4_B","CV2_A","CV1_B","CV3_B"
"4.6409588664249","X1_D","X2_A","X3_C","X4_B","X5_B","CV4_B","CV2_A","CV1_B","CV3_B"
"4.661337939319381","X1_D","X2_D","X3_C","X4_B","X5_B","CV4_B","CV2_A","CV1_B","CV3_B"
"4.831184846137148","X1_D","X2_B","X3_C","X4_B","X5_B","CV4_B","CV2_A","CV1_B","CV3_B"
"4.986155586880217","X1_D","X2_E","X3_C","X4_B","X5_B","CV4_B","CV2_A","CV1_B","CV3_B"
"5.000426921362197","X1_D","X2_B","X3_C","X4_B","X5_B","CV4_B","CV2_A","CV1_B","CV3_B"
"5.012168197243059","X1_D","X2_E","X3_C","X4_B","X5_B","CV4_B","CV2_A","CV1_B","CV3_B"
"5.013132500315997","X1_D","X2_C","X3_C","X4_B","X5_B","CV4_B","CV2_A","CV1_B","CV3_B"
"5.077839889284512","X1_D","X2_D","X3_C","X4_B","X5_B","CV4_B","CV2_A","CV1_B","CV3_B"
"5.092931651067157","X1_D","X2_C","X3_C","X4_B","X5_B","CV4_B","CV2_A","CV1_B","CV3_B"
"5.215914293211985","X1_D","X2_A","X3_C","X4_B","X5_B","CV4_B","CV2_A","CV1_B","CV3_B"
"5.2313671920908655","X1_D","X2_E","X3_C","X4_B","X5_B","CV4_B","CV2_A","CV1_B","CV3_B"
"5.235606344178389","X1_D","X2_D","X3_C","X4_B","X5_B","CV4_B","CV2_A","CV1_B","CV3_B"
"5.240207203551775","X1_D","X2_B","X3_C","X4_B","X5_B","CV4_B","CV2_A","CV1_B","CV3_B"
"5.298564429526077","X1_D","X2_D","X3_C","X4_B","X5_B","CV4_B","CV2_A","CV1_B","CV3_B"
"5.333403589750606","X1_D","X2_E","X3_C","X4_B","X5_B","CV4_B","CV2_A","CV1_B","CV3_B"
"5.36366806090122","X1_D","X2_B","X3_C","X4_B","X5_B","CV4_B","CV2_A","CV1_B","CV3_B"
"5.367880675767208","X1_D","X2_C","X3_C","X4_B","X5_B","CV4_B","CV2_A","CV1_B","CV3_B"
"5.370002049244749","X1_D","X2_A","X3_C","X4_B","X5_B","CV4_B","CV2_A","CV1_B","CV3_B"
"5.4017385077584015","X1_D","X2_E","X3_C","X4_B","X5_B","CV4_B","CV2_A","CV1_B","CV3_B"
"5.429835967719281","X1_D","X2_A","X3_C","X4_B","X5_B","CV4_B","CV2_A","CV1_B","CV3_B"
"5.435821128279104","X1_D","X2_E","X3_C","X4_B","X5_B","CV4_B","CV2_A","CV1_B","CV3_B"
"5.448212243423857","X1_D","X2_A","X3_C","X4_B","X5_B","CV4_B","CV2_A","CV1_B","CV3_B"
"5.635550847829702","X1_D","X2_A","X3_E","X4_B","X5_B","CV4_B","CV2_A","CV1_B","CV3_B"
"5.650767025797436","X1_D","X2_A","X3_D","X4_B","X5_B","CV4_B","CV2_A","CV1_B","CV3_B"
"5.698909306282685","X1_D","X2_A","X3_C","X4_B","X5_B","CV4_B","CV2_A","CV1_B","CV3_B"
"5.73586759335164","X1_D","X2_A","X3_A","X4_B","X5_B","CV4_B","CV2_A","CV1_B","CV3_B"
"5.763531007671263","X1_D","X2_A","X3_C","X4_B","X5_B","CV4_B","CV2_A","CV1_B","CV3_B"
"5.819930732587504","X1_D","X2_A","X3_E","X4_B","X5_B","CV4_B","CV2_A","CV1_B","CV3_B"
"5.826370593628631","X1_D","X2_A","X3_A","X4_B","X5_B","CV4_B","CV2_A","CV1_B","CV3_B"
"5.8404092054788","X1_D","X2_A","X3_D","X4_B","X5_B","CV4_B","CV2_A","CV1_B","CV3_B"
"5.891734982098181","X1_D","X2_A","X3_E","X4_B","X5_B","CV4_B","CV2_A","CV1_B","CV3_B"
"5.896619508899675","X1_D","X2_A","X3_B","X4_B","X5_B","CV4_B","CV2_A","CV1_B","CV3_B"
"5.9848571548559875","X1_D","X2_A","X3_A","X4_B","X5_B","CV4_B","CV2_A","CV1_B","CV3_B"
"5.98619913415303","X1_D","X2_A","X3_D","X4_B","X5_B","CV4_B","CV2_A","CV1_B","CV3_B"
"5.99629135756614","X1_D","X2_A","X3_E","X4_B","X5_B","CV4_B","CV2_A","CV1_B","CV3_B"
"6.036821748274431","X1_D","X2_A","X3_C","X4_B","X5_B","CV4_B","CV2_A","CV1_B","CV3_B"
"6.044389833675004","X1_D","X2_A","X3_A","X4_B","X5_B","CV4_B","CV2_A","CV1_B","CV3_B"
"6.054838316698522","X1_D","X2_A","X3_C","X4_B","X5_B","CV4_B","CV2_A","CV1_B","CV3_B"
"6.064650114826275","X1_D","X2_A","X3_A","X4_B","X5_B","CV4_B","CV2_A","CV1_B","CV3_B"
"6.130191603007289","X1_D","X2_A","X3_B","X4_B","X5_B","CV4_B","CV2_A","CV1_B","CV3_B"
"6.245692976901822","X1_D","X2_A","X3_C","X4_B","X5_B","CV4_B","CV2_A","CV1_B","CV3_B"
"6.25894583390356","X1_D","X2_A","X3_A","X4_B","X5_B","CV4_B","CV2_A","CV1_B","CV3_B"
"6.259813169925271","X1_D","X2_A","X3_E","X4_B","X5_B","CV4_B","CV2_A","CV1_B","CV3_B"
"6.351510872044448","X1_D","X2_A","X3_C","X4_B","X5_B","CV4_B","CV2_A","CV1_B","CV3_B"
"6.3806514763633695","X1_D","X2_A","X3_E","X4_B","X5_B","CV4_B","CV2_A","CV1_B","CV3_B"
"6.474312242731051","X1_D","X2_A","X3_C","X4_B","X5_B","CV4_B","CV2_A","CV1_B","CV3_B"
"6.506452962203157","X1_D","X2_A","X3_E","X4_B","X5_B","CV4_B","CV2_A","CV1_B","CV3_B"
"6.568873877836524","X1_D","X2_A","X3_D","X4_B","X5_B","CV4_B","CV2_A","CV1_B","CV3_B"
"6.569994364806919","X1_D","X2_A","X3_C","X4_B","X5_B","CV4_B","CV2_A","CV1_B","CV3_B"
"6.591402282375201","X1_D","X2_A","X3_D","X4_B","X5_B","CV4_B","CV2_A","CV1_B","CV3_B"
"6.6576602264570806","X1_D","X2_A","X3_A","X4_B","X5_B","CV4_B","CV2_A","CV1_B","CV3_B"
"6.659884327373271","X1_D","X2_A","X3_D","X4_B","X5_B","CV4_B","CV2_A","CV1_B","CV3_B"
"6.766194235526866","X1_D","X2_A","X3_E","X4_B","X5_B","CV4_B","CV2_A","CV1_B","CV3_B"
"6.7861251943536445","X1_D","X2_A","X3_D","X4_B","X5_B","CV4_B","CV2_A","CV1_B","CV3_B"
"6.797793088785041","X1_D","X2_A","X3_B","X4_B","X5_B","CV4_B","CV2_A","CV1_B","CV3_B"
"6.8875326341484335","X1_D","X2_A","X3_C","X4_B","X5_B","CV4_B","CV2_A","CV1_B","CV3_B"
"6.929360347746982","X1_D","X2_A","X3_A","X4_B","X5_B","CV4_B","CV2_A","CV1_B","CV3_B"
"6.934648187276395","X1_D","X2_A","X3_D","X4_B","X5_B","CV4_B","CV2_A","CV1_B","CV3_B"
"6.99887149219313","X1_D","X2_A","X3_B","X4_B","X5_B","CV4_B","CV2_A","CV1_B","CV3_B"
"7.031262074643675","X1_D","X2_A","X3_A","X4_B","X5_B","CV4_B","CV2_A","CV1_B","CV3_B"
"7.032149864594644","X1_D","X2_A","X3_D","X4_B","X5_B","CV4_B","CV2_A","CV1_B","CV3_B"
"7.050358265533349","X1_D","X2_A","X3_C","X4_B","X5_B","CV4_B","CV2_A","CV1_B","CV3_B"
"7.058148253355375","X1_D","X2_A","X3_E","X4_B","X5_B","CV4_B","CV2_A","CV1_B","CV3_B"
"7.0597243888607375","X1_D","X2_A","X3_C","X4_B","X5_B","CV4_B","CV2_A","CV1_B","CV3_B"
"7.198641123393475","X1_D","X2_A","X3_A","X4_B","X5_B","CV4_B","CV2_A","CV1_B","CV3_B"
"7.261929437657529","X1_D","X2_A","X3_B","X4_B","X5_B","CV4_B","CV2_A","CV1_B","CV3_B"
"7.299733617756096","X1_D","X2_A","X3_C","X4_B","X5_B","CV4_B","CV2_A","CV1_B","CV3_B"
"7.332028211927657","X1_D","X2_A","X3_E","X4_B","X5_B","CV4_B","CV2_A","CV1_B","CV3_B"
"7.344829048725017","X1_D","X2_A","X3_B","X4_B","X5_B","CV4_B","CV2_A","CV1_B","CV3_B"
"7.369395376046254","X1_D","X2_A","X3_A","X4_B","X5_B","CV4_B","CV2_A","CV1_B","CV3_B"
"7.392854512321057","X1_D","X2_A","X3_B","X4_B","X5_B","CV4_B","CV2_A","CV1_B","CV3_B"
"7.453769353534023","X1_D","X2_A","X3_C","X4_B","X5_B","CV4_B","CV2_A","CV1_B","CV3_B"
"7.565215850725305","X1_D","X2_A","X3_A","X4_B","X5_B","CV4_B","CV2_A","CV1_B","CV3_B"
"7.589506140698266","X1_D","X2_A","X3_C","X4_B","X5_B","CV4_B","CV2_A","CV1_B","CV3_B"
"7.647303614770444","X1_D","X2_A","X3_A","X4_B","X5_B","CV4_B","CV2_A","CV1_B","CV3_B"
"7.649629359610797","X1_D","X2_A","X3_D","X4_B","X5_B","CV4_B","CV2_A","CV1_B","CV3_B"
"7.818734052517801","X1_D","X2_A","X3_B","X4_B","X5_B","CV4_B","CV2_A","CV1_B","CV3_B"
"7.828253706681351","X1_D","X2_A","X3_E","X4_B","X5_B","CV4_B","CV2_A","CV1_B","CV3_B"
"7.907135505046657","X1_D","X2_A","X3_D","X4_B","X5_B","CV4_B","CV2_A","CV1_B","CV3_B"
"7.9244955257509835","X1_D","X2_A","X3_E","X4_B","X5_B","CV4_B","CV2_A","CV1_B","CV3_B"
"7.941958893295208","X1_D","X2_A","X3_C","X4_B","X5_B","CV4_B","CV2_A","CV1_B","CV3_B"
"7.982143513008154","X1_D","X2_A","X3_E","X4_B","X5_B","CV4_B","CV2_A","CV1_B","CV3_B"
"7.983093641798779","X1_D","X2_A","X3_A","X4_B","X5_B","CV4_B","CV2_A","CV1_B","CV3_B"
"7.99160499597734","X1_D","X2_A","X3_D","X4_B","X5_B","CV4_B","CV2_A","CV1_B","CV3_B"
"8.034597719777368","X1_D","X2_A","X3_B","X4_B","X5_B","CV4_B","CV2_A","CV1_B","CV3_B"
"8.035888903277625","X1_D","X2_A","X3_C","X4_B","X5_B","CV4_B","CV2_A","CV1_B","CV3_B"
"8.095679232014488","X1_D","X2_A","X3_A","X4_B","X5_B","CV4_B","CV2_A","CV1_B","CV3_B"
"8.165114356939709","X1_D","X2_A","X3_E","X4_B","X5_B","CV4_B","CV2_A","CV1_B","CV3_B"
"8.231877980531987","X1_D","X2_A","X3_A","X4_B","X5_B","CV4_B","CV2_A","CV1_B","CV3_B"
"8.238937999913912","X1_D","X2_A","X3_D","X4_B","X5_B","CV4_B","CV2_A","CV1_B","CV3_B"
"8.25263462068987","X1_D","X2_A","X3_E","X4_B","X5_B","CV4_B","CV2_A","CV1_B","CV3_B"
"8.289016655875878","X1_D","X2_A","X3_B","X4_B","X5_B","CV4_B","CV2_A","CV1_B","CV3_B"
"8.303222547375992","X1_D","X2_A","X3_A","X4_B","X5_B","CV4_B","CV2_A","CV1_B","CV3_B"
"8.32519254254218","X1_D","X2_A","X3_B","X4_B","X5_B","CV4_B","CV2_A","CV1_B","CV3_B"
"8.339297168375984","X1_D","X2_A","X3_A","X4_B","X5_B","CV4_B","CV2_A","CV1_B","CV3_B"
"8.346930513030822","X1_D","X2_A","X3_C","X4_B","X5_B","CV4_B","CV2_A","CV1_B","CV3_B"
"8.382754968888307","X1_D","X2_A","X3_A","X4_B","X5_B","CV4_B","CV2_A","CV1_B","CV3_B"
"8.38349675807157","X1_D","X2_A","X3_B","X4_B","X5_B","CV4_B","CV2_A","CV1_B","CV3_B"
"8.594145744660377","X1_D","X2_A","X3_B","X4_B","X5_E","CV4_B","CV2_A","CV1_B","CV3_B"
"8.617574005325842","X1_D","X2_A","X3_B","X4_B","X5_D","CV4_B","CV2_A","CV1_B","CV3_B"
"8.640132737344924","X1_D","X2_A","X3_B","X4_B","X5_B","CV4_B","CV2_A","CV1_B","CV3_B"
"8.749730378270002","X1_D","X2_A","X3_B","X4_B","X5_C","CV4_B","CV2_A","CV1_B","CV3_B"
"8.764684123827735","X1_D","X2_A","X3_B","X4_B","X5_E","CV4_B","CV2_A","CV1_B","CV3_B"
"8.813913897993077","X1_D","X2_A","X3_B","X4_B","X5_A","CV4_B","CV2_A","CV1_B","CV3_B"
"8.830315830374388","X1_D","X2_A","X3_B","X4_B","X5_D","CV4_B","CV2_A","CV1_B","CV3_B"
"8.845081158022479","X1_D","X2_A","X3_B","X4_B","X5_C","CV4_B","CV2_A","CV1_B","CV3_B"
"8.95442747761918","X1_D","X2_A","X3_B","X4_B","X5_A","CV4_B","CV2_A","CV1_B","CV3_B"
"8.96756569300915","X1_D","X2_A","X3_B","X4_B","X5_C","CV4_B","CV2_A","CV1_B","CV3_B"
"9.03160833032675","X1_D","X2_A","X3_B","X4_B","X5_E","CV4_B","CV2_A","CV1_B","CV3_B"
"9.05705225110907","X1_D","X2_A","X3_B","X4_B","X5_C","CV4_B","CV2_A","CV1_B","CV3_B"
"9.06703624951397","X1_D","X2_A","X3_B","X4_B","X5_E","CV4_B","CV2_A","CV1_B","CV3_B"
"9.086724025090188","X1_D","X2_A","X3_B","X4_B","X5_A","CV4_B","CV2_A","CV1_B","CV3_B"
"9.107835035212762","X1_D","X2_A","X3_B","X4_B","X5_E","CV4_B","CV2_A","CV1_B","CV3_B"
"9.13490437436451","X1_D","X2_A","X3_B","X4_B","X5_A","CV4_B","CV2_A","CV1_B","CV3_B"
"9.159948528442188","X1_D","X2_A","X3_B","X4_B","X5_D","CV4_B","CV2_A","CV1_B","CV3_B"
"9.350928307937535","X1_D","X2_A","X3_B","X4_B","X5_B","CV4_B","CV2_A","CV1_B","CV3_B"
"9.40274946835737","X1_D","X2_A","X3_B","X4_B","X5_E","CV4_B","CV2_A","CV1_B","CV3_B"
"9.413048740166257","X1_D","X2_A","X3_B","X4_B","X5_B","CV4_B","CV2_A","CV1_B","CV3_B"
"9.452167704190934","X1_D","X2_A","X3_B","X4_B","X5_E","CV4_B","CV2_A","CV1_B","CV3_B"
"9.47141795088067","X1_D","X2_A","X3_B","X4_B","X5_D","CV4_B","CV2_A","CV1_B","CV3_B"
"9.497059099484165","X1_D","X2_A","X3_B","X4_B","X5_E","CV4_B","CV2_A","CV1_B","CV3_B"
"9.527478775841635","X1_D","X2_A","X3_B","X4_B","X5_D","CV4_B","CV2_A","CV1_B","CV3_B"
"9.566501551702224","X1_D","X2_A","X3_B","X4_B","X5_C","CV4_B","CV2_A","CV1_B","CV3_B"
"9.591232264995028","X1_D","X2_A","X3_B","X4_B","X5_A","CV4_B","CV2_A","CV1_B","CV3_B"
"9.601623235321469","X1_D","X2_A","X3_B","X4_B","X5_E","CV4_B","CV2_A","CV1_B","CV3_B"
"9.642013035898703","X1_D","X2_A","X3_B","X4_B","X5_A","CV4_B","CV2_A","CV1_B","CV3_B"
"9.679583896245278","X1_D","X2_A","X3_B","X4_B","X5_C","CV4_B","CV2_A","CV1_B","CV3_B"
"9.682948065983684","X1_D","X2_A","X3_B","X4_B","X5_A","CV4_B","CV2_A","CV1_B","CV3_B"
"9.714826602851069","X1_D","X2_A","X3_B","X4_B","X5_D","CV4_B","CV2_A","CV1_B","CV3_B"
"9.724479515669122","X1_D","X2_A","X3_B","X4_B","X5_C","CV4_B","CV2_A","CV1_B","CV3_B"
"9.929633644011194","X1_D","X2_A","X3_B","X4_B","X5_E","CV4_B","CV2_A","CV1_B","CV3_B"
"9.962783398021696","X1_D","X2_A","X3_B","X4_B","X5_D","CV4_B","CV2_A","CV1_B","CV3_B"
"9.968268304069912","X1_D","X2_A","X3_B","X4_B","X5_C","CV4_B","CV2_A","CV1_B","CV3_B"
"9.975777035672229","X1_D","X2_A","X3_B","X4_B","X5_E","CV4_B","CV2_A","CV1_B","CV3_B"
"10.001774330176564","X1_D","X2_A","X3_B","X4_B","X5_C","CV4_B","CV2_A","CV1_B","CV3_B"
