"t","X1","X2","X3","X4","X5","CV4","CV2","CV1","CV3"
"0.0","X1_D","X2_D","X3_B","X4_A","X5_B","CV4_B","CV2_A","CV1_B","CV3_B"
"0.005802226011592702","X1_D","X2_D","X3_B","X4_C","X5_B","CV4_B","CV2_A","CV1_B","CV3_B"
"0.01185158730090155","X1_D","X2_D","X3_D","X4_C","X5_B","CV4_B","CV2_A","CV1_B","CV3_B"
"0.028800229809628347","X1_D","X2_D","X3_D","X4_B","X5_B","CV4_B","CV2_A","CV1_B","CV3_B"
"0.03180744365463924","X1_D","X2_D","X3_D","X4_D","X5_B","CV4_B","CV2_A","CV1_B","CV3_B"
"0.04515909689784307","X1_D","X2_D","X3_D","X4_A","X5_B","CV4_B","CV2_A","CV1_B","CV3_B"
"0.07402528566421941","X1_D","X2_D","X3_D","X4_E","X5_B","CV4_B","CV2_A","CV1_B","CV3_B"
"0.09006787024118909","X1_D","X2_D","X3_D","X4_B","X5_B","CV4_B","CV2_A","CV1_B","CV3_B"
"0.12277126391167027","X1_D","X2_B","X3_D","X4_B","X5_B","CV4_B","CV2_A","CV1_B","CV3_B"
"0.16877700749170133","X1_D","X2_B","X3_D","X4_B","X5_C","CV4_B","CV2_A","CV1_B","CV3_B"
"0.21508135370423298","X1_D","X2_A","X3_D","X4_B","X5_C","CV4_B","CV2_A","CV1_B","CV3_B"
"0.247358610700822","X1_D","X2_E","X3_D","X4_B","X5_C","CV4_B","CV2_A","CV1_B","CV3_B"
"0.25333517620928475","X1_D","X2_A","X3_D","X4_B","X5_C","CV4_B","CV2_A","CV1_B","CV3_B"
"0.28134346086870426","X1_D","X2_E","X3_D","X4_B","X5_C","CV4_B","CV2_A","CV1_B","CV3_B"
"0.35377082295420026","X1_D","X2_E","X3_D","X4_D","X5_C","CV4_B","CV2_A","CV1_B","CV3_B"
"0.3654758966887478","X1_D","X2_E","X3_D","X4_E","X5_C","CV4_B","CV2_A","CV1_B","CV3_B"
"0.4594017756541558","X1_D","X2_E","X3_D","X4_B","X5_C","CV4_B","CV2_A","CV1_B","CV3_B"
"0.5570639266635075","X1_D","X2_E","X3_A","X4_B","X5_C","CV4_B","CV2_A","CV1_B","CV3_B"
"0.6407344933232503","X1_D","X2_E","X3_B","X4_B","X5_C","CV4_B","CV2_A","CV1_B","CV3_B"
"0.6448018212234493","X1_D","X2_E","X3_A","X4_B","X5_C","CV4_B","CV2_A","CV1_B","CV3_B"
"0.6552950429579035","X1_D","X2_E","X3_D","X4_B","X5_C","CV4_B","CV2_A","CV1_B","CV3_B"
"0.7614411851272751","X1_D","X2_C","X3_D","X4_B","X5_C","CV4_B","CV2_A","CV1_B","CV3_B"
"0.8792132320610468","X1_D","X2_C","X3_D","X4_A","X5_C","CV4_B","CV2_A","CV1_B","CV3_B"
"0.9084797935693625","X1_D","X2_C","X3_D","X4_C","X5_C","CV4_B","CV2_A","CV1_B","CV3_B"
"0.946583456796184","X1_D","X2_C","X3_D","X4_B","X5_C","CV4_B","CV2_A","CV1_B","CV3_B"
"0.9630807389454964","X1_D","X2_C","X3_D","X4_C","X5_C","CV4_B","CV2_A","CV1_B","CV3_B"
"1.00620911587712","X1_D","X2_C","X3_D","X4_A","X5_C","CV4_B","CV2_A","CV1_B","CV3_B"
"1.0780636841997062","X1_D","X2_C","X3_D","X4_E","X5_C","CV4_B","CV2_A","CV1_B","CV3_B"
"1.0910269589922945","X1_D","X2_C","X3_D","X4_B","X5_C","CV4_B","CV2_A","CV1_B","CV3_B"
"1.1641983622379772","X1_D","X2_C","X3_D","X4_A","X5_C","CV4_B","CV2_A","CV1_B","CV3_B"
"1.2896359441797507","X1_D","X2_C","X3_D","X4_A","X5_E","CV4_B","CV2_A","CV1_B","CV3_B"
"1.4168441526314952","X1_D","X2_E","X3_D","X4_A","X5_E","CV4_B","CV2_A","CV1_B","CV3_B"
"1.4435430603181936","X1_D","X2_B","X3_D","X4_A","X5_E","CV4_B","CV2_A","CV1_B","CV3_B"
"1.5743736359462495","X1_D","X2_B","X3_D","X4_A","X5_C","CV4_B","CV2_A","CV1_B","CV3_B"
"1.605313142661587","X1_D","X2_B","X3_D","X4_A","X5_E","CV4_B","CV2_A","CV1_B","CV3_B"
"1.6406880378150857","X1_D","X2_B","X3_D","X4_A","X5_C","CV4_B","CV2_A","CV1_B","CV3_B"
"1.6585736017216082","X1_D","X2_B","X3_D","X4_A","X5_B","CV4_B","CV2_A","CV1_B","CV3_B"
"1.6641753180268382","X1_D","X2_B","X3_D","X4_A","X5_D","CV4_B","CV2_A","CV1_B","CV3_B"
"1.6672985945157432","X1_D","X2_B","X3_D","X4_A","X5_E","CV4_B","CV2_A","CV1_B","CV3_B"
"1.6696002353692814","X1_D","X2_B","X3_D","X4_A","X5_D","CV4_B","CV2_A","CV1_B","CV3_B"
"1.694813216740797","X1_D","X2_B","X3_D","X4_A","X5_E","CV4_B","CV2_A","CV1_B","CV3_B"
"1.6994112168711202","X1_D","X2_B","X3_D","X4_A","X5_A","CV4_B","CV2_A","CV1_B","CV3_B"
"1.7167021879311333","X1_D","X2_B","X3_D","X4_A","X5_C","CV4_B","CV2_A","CV1_B","CV3_B"
"1.7292514545407018","X1_D","X2_B","X3_D","X4_A","X5_E","CV4_B","CV2_A","CV1_B","CV3_B"
"1.7859070078692627","X1_D","X2_B","X3_D","X4_A","X5_C","CV4_B","CV2_A","CV1_B","CV3_B"
"1.9005854309603014","X1_D","X2_B","X3_D","X4_A","X5_B","CV4_B","CV2_A","CV1_B","CV3_B"
"1.9209607602433718","X1_D","X2_B","X3_D","X4_A","X5_E","CV4_B","CV2_A","CV1_B","CV3_B"
"1.9437380181809574","X1_D","X2_B","X3_D","X4_A","X5_B","CV4_B","CV2_A","CV1_B","CV3_B"
"1.9773848133448761","X1_D","X2_B","X3_D","X4_A","X5_A","CV4_B","CV2_A","CV1_B","CV3_B"
"2.153374613081522","X1_D","X2_B","X3_D","X4_A","X5_B","CV4_B","CV2_A","CV1_B","CV3_B"
"2.1972811153706533","X1_D","X2_B","X3_D","X4_A","X5_D","CV4_B","CV2_A","CV1_B","CV3_B"
"2.209092777959014","X1_D","X2_B","X3_D","X4_A","X5_B","CV4_B","CV2_A","CV1_B","CV3_B"
"2.2359841573529073","X1_D","X2_B","X3_D","X4_A","X5_A","CV4_B","CV2_A","CV1_B","CV3_B"
"2.3093076947090077","X1_D","X2_B","X3_D","X4_A","X5_B","CV4_B","CV2_A","CV1_B","CV3_B"
"2.318234779930582","X1_D","X2_B","X3_D","X4_A","X5_D","CV4_B","CV2_A","CV1_B","CV3_B"
"2.3511227308155704","X1_D","X2_B","X3_D","X4_A","X5_B","CV4_B","CV2_A","CV1_B","CV3_B"
"2.3799624803910246","X1_D","X2_B","X3_D","X4_A","X5_D","CV4_B","CV2_A","CV1_B","CV3_B"
"2.4006745496625594","X1_D","X2_B","X3_D","X4_A","X5_E","CV4_B","CV2_A","CV1_B","CV3_B"
"2.447640063774848","X1_D","X2_B","X3_D","X4_A","X5_B","CV4_B","CV2_A","CV1_B","CV3_B"
"2.4692954390337296","X1_D","X2_B","X3_D","X4_A","X5_A","CV4_B","CV2_A","CV1_B","CV3_B"
"2.5560020740111606","X1_D","X2_B","X3_D","X4_A","X5_E","CV4_B","CV2_A","CV1_B","CV3_B"
"2.596065037831749","X1_D","X2_B","X3_D","X4_A","X5_C","CV4_B","CV2_A","CV1_B","CV3_B"
"2.6271085322453644","X1_D","X2_B","X3_D","X4_A","X5_A","CV4_B","CV2_A","CV1_B","CV3_B"
"2.6581185447691498","X1_D","X2_B","X3_D","X4_A","X5_C","CV4_B","CV2_A","CV1_B","CV3_B"
"2.744802563367136","X1_D","X2_B","X3_D","X4_A","X5_A","CV4_B","CV2_A","CV1_B","CV3_B"
"2.8344042793995623","X1_D","X2_B","X3_D","X4_A","X5_C","CV4_B","CV2_A","CV1_B","CV3_B"
"2.9988085071874315","X1_D","X2_B","X3_D","X4_A","X5_D","CV4_B","CV2_A","CV1_B","CV3_B"
"3.036903247609994","X1_D","X2_B","X3_D","X4_A","X5_E","CV4_B","CV2_A","CV1_B","CV3_B"
"3.0473276141227434","X1_D","X2_B","X3_D","X4_A","X5_C","CV4_B","CV2_A","CV1_B","CV3_B"
"3.0770816105711676","X1_D","X2_B","X3_D","X4_A","X5_A","CV4_B","CV2_A","CV1_B","CV3_B"
"3.083750931361592","X1_D","X2_B","X3_D","X4_A","X5_C","CV4_B","CV2_A","CV1_B","CV3_B"
"3.093363014562092","X1_D","X2_B","X3_D","X4_A","X5_E","CV4_B","CV2_A","CV1_B","CV3_B"
"3.1230249787561513","X1_D","X2_B","X3_D","X4_A","X5_A","CV4_B","CV2_A","CV1_B","CV3_B"
"3.183024398072237","X1_D","X2_B","X3_D","X4_A","X5_C","CV4_B","CV2_A","CV1_B","CV3_B"
"3.2780774071854917","X1_D","X2_B","X3_D","X4_A","X5_D","CV4_B","CV2_A","CV1_B","CV3_B"
"3.306086166430042","X1_D","X2_B","X3_D","X4_A","X5_E","CV4_B","CV2_A","CV1_B","CV3_B"
"3.323064640466361","X1_D","X2_B","X3_D","X4_A","X5_C","CV4_B","CV2_A","CV1_B","CV3_B"
"3.3909489767747645","X1_D","X2_B","X3_D","X4_A","X5_E","CV4_B","CV2_A","CV1_B","CV3_B"
"3.3952826044085236","X1_D","X2_B","X3_D","X4_A","X5_D","CV4_B","CV2_A","CV1_B","CV3_B"
"3.4151474291527006","X1_D","X2_B","X3_D","X4_A","X5_C","CV4_B","CV2_A","CV1_B","CV3_B"
"3.431364330405485","X1_D","X2_B","X3_D","X4_A","X5_E","CV4_B","CV2_A","CV1_B","CV3_B"
"3.4844009640149283","X1_D","X2_B","X3_D","X4_A","X5_C","CV4_B","CV2_A","CV1_B","CV3_B"
"3.5569020499384068","X1_D","X2_B","X3_D","X4_A","X5_E","CV4_B","CV2_A","CV1_B","CV3_B"
"3.640908381493126","X1_D","X2_B","X3_D","X4_A","X5_D","CV4_B","CV2_A","CV1_B","CV3_B"
"3.691867479037885","X1_D","X2_B","X3_D","X4_A","X5_C","CV4_B","CV2_A","CV1_B","CV3_B"
"3.692119250904442","X1_D","X2_B","X3_D","X4_A","X5_D","CV4_B","CV2_A","CV1_B","CV3_B"
"3.783564835134217","X1_D","X2_B","X3_D","X4_A","X5_B","CV4_B","CV2_A","CV1_B","CV3_B"
"3.795435483351755","X1_D","X2_B","X3_D","X4_A","X5_A","CV4_B","CV2_A","CV1_B","CV3_B"
"3.9612374252032794","X1_D","X2_B","X3_D","X4_A","X5_B","CV4_B","CV2_A","CV1_B","CV3_B"
"4.011431363085601","X1_D","X2_B","X3_D","X4_A","X5_A","CV4_B","CV2_A","CV1_B","CV3_B"
"4.051253888102993","X1_D","X2_B","X3_D","X4_A","X5_C","CV4_B","CV2_A","CV1_B","CV3_B"
"4.0659789617274456","X1_D","X2_B","X3_D","X4_A","X5_D","CV4_B","CV2_A","CV1_B","CV3_B"
"4.103634313329101","X1_D","X2_B","X3_D","X4_A","X5_B","CV4_B","CV2_A","CV1_B","CV3_B"
"4.106816025654144","X1_D","X2_B","X3_D","X4_A","X5_D","CV4_B","CV2_A","CV1_B","CV3_B"
"4.226003409684904","X1_D","X2_B","X3_D","X4_A","X5_B","CV4_B","CV2_A","CV1_B","CV3_B"
"4.241894031636054","X1_D","X2_B","X3_D","X4_A","X5_A","CV4_B","CV2_A","CV1_B","CV3_B"
"4.2450394641083795","X1_D","X2_B","X3_D","X4_A","X5_B","CV4_B","CV2_A","CV1_B","CV3_B"
"4.342895807293917","X1_D","X2_B","X3_D","X4_A","X5_E","CV4_B","CV2_A","CV1_B","CV3_B"
"4.444597128600986","X1_D","X2_B","X3_D","X4_A","X5_C","CV4_B","CV2_A","CV1_B","CV3_B"
"4.447047296758322","X1_D","X2_B","X3_D","X4_A","X5_A","CV4_B","CV2_A","CV1_B","CV3_B"
"4.62779662160263","X1_D","X2_B","X3_D","X4_A","X5_E","CV4_B","CV2_A","CV1_B","CV3_B"
"4.743221221301809","X1_D","X2_B","X3_D","X4_A","X5_A","CV4_B","CV2_A","CV1_B","CV3_B"
"4.7503864721507","X1_D","X2_B","X3_D","X4_A","X5_C","CV4_B","CV2_A","CV1_B","CV3_B"
"4.759152861334292","X1_D","X2_B","X3_D","X4_A","X5_B","CV4_B","CV2_A","CV1_B","CV3_B"
"4.805640395350407","X1_D","X2_B","X3_D","X4_A","X5_A","CV4_B","CV2_A","CV1_B","CV3_B"
"4.808150670048117","X1_D","X2_B","X3_D","X4_A","X5_B","CV4_B","CV2_A","CV1_B","CV3_B"
"4.817607231732267","X1_D","X2_B","X3_D","X4_A","X5_D","CV4_B","CV2_A","CV1_B","CV3_B"
"4.841269136792605","X1_D","X2_B","X3_D","X4_A","X5_A","CV4_B","CV2_A","CV1_B","CV3_B"
"4.847770612859218","X1_D","X2_B","X3_D","X4_A","X5_B","CV4_B","CV2_A","CV1_B","CV3_B"
"4.867312721137054","X1_D","X2_B","X3_D","X4_A","X5_A","CV4_B","CV2_A","CV1_B","CV3_B"
"5.0158946681115735","X1_D","X2_B","X3_D","X4_A","X5_B","CV4_B","CV2_A","CV1_B","CV3_B"
"5.017174870644501","X1_D","X2_B","X3_D","X4_A","X5_A","CV4_B","CV2_A","CV1_B","CV3_B"
"5.199092219254752","X1_D","X2_B","X3_E","X4_A","X5_A","CV4_B","CV2_A","CV1_B","CV3_B"
"5.233283930489222","X1_D","X2_B","X3_B","X4_A","X5_A","CV4_B","CV2_A","CV1_B","CV3_B"
"5.241164614074225","X1_D","X2_B","X3_C","X4_A","X5_A","CV4_B","CV2_A","CV1_B","CV3_B"
"5.242686603104611","X1_D","X2_B","X3_D","X4_A","X5_A","CV4_B","CV2_A","CV1_B","CV3_B"
"5.267658585235461","X1_D","X2_B","X3_E","X4_A","X5_A","CV4_B","CV2_A","CV1_B","CV3_B"
"5.2682953661695215","X1_D","X2_B","X3_D","X4_A","X5_A","CV4_B","CV2_A","CV1_B","CV3_B"
"5.3024746667914675","X1_D","X2_B","X3_B","X4_A","X5_A","CV4_B","CV2_A","CV1_B","CV3_B"
"5.463545128335972","X1_D","X2_B","X3_D","X4_A","X5_A","CV4_B","CV2_A","CV1_B","CV3_B"
"5.56783976694601","X1_D","X2_B","X3_C","X4_A","X5_A","CV4_B","CV2_A","CV1_B","CV3_B"
"5.595726511374511","X1_D","X2_B","X3_D","X4_A","X5_A","CV4_B","CV2_A","CV1_B","CV3_B"
"5.600281835341292","X1_D","X2_B","X3_A","X4_A","X5_A","CV4_B","CV2_A","CV1_B","CV3_B"
"5.67485253329366","X1_D","X2_B","X3_B","X4_A","X5_A","CV4_B","CV2_A","CV1_B","CV3_B"
"5.714082734069989","X1_D","X2_B","X3_E","X4_A","X5_A","CV4_B","CV2_A","CV1_B","CV3_B"
"5.715895456036827","X1_D","X2_B","X3_A","X4_A","X5_A","CV4_B","CV2_A","CV1_B","CV3_B"
"5.721080845381998","X1_D","X2_B","X3_E","X4_A","X5_A","CV4_B","CV2_A","CV1_B","CV3_B"
"5.750537311845399","X1_D","X2_B","X3_D","X4_A","X5_A","CV4_B","CV2_A","CV1_B","CV3_B"
"5.806712739791875","X1_D","X2_B","X3_A","X4_A","X5_A","CV4_B","CV2_A","CV1_B","CV3_B"
"5.903734000450857","X1_D","X2_B","X3_C","X4_A","X5_A","CV4_B","CV2_A","CV1_B","CV3_B"
"5.949207457266195","X1_D","X2_B","X3_D","X4_A","X5_A","CV4_B","CV2_A","CV1_B","CV3_B"
"5.9732460163933565","X1_D","X2_B","X3_A","X4_A","X5_A","CV4_B","CV2_A","CV1_B","CV3_B"
"6.018787405505637","X1_D","X2_B","X3_B","X4_A","X5_A","CV4_B","CV2_A","CV1_B","CV3_B"
"6.0882591910666335","X1_D","X2_B","X3_D","X4_A","X5_A","CV4_B","CV2_A","CV1_B","CV3_B"
"6.102593764762528","X1_D","X2_B","X3_A","X4_A","X5_A","CV4_B","CV2_A","CV1_B","CV3_B"
"6.193546653361247","X1_D","X2_B","X3_E","X4_A","X5_A","CV4_B","CV2_A","CV1_B","CV3_B"
"6.33132110579571","X1_D","X2_B","X3_D","X4_A","X5_A","CV4_B","CV2_A","CV1_B","CV3_B"
"6.420502525953408","X1_D","X2_B","X3_B","X4_A","X5_A","CV4_B","CV2_A","CV1_B","CV3_B"
"6.510374231519625","X1_D","X2_B","X3_E","X4_A","X5_A","CV4_B","CV2_A","CV1_B","CV3_B"
"6.534941664974863","X1_D","X2_B","X3_B","X4_A","X5_A","CV4_B","CV2_A","CV1_B","CV3_B"
"6.578309241201474","X1_D","X2_B","X3_E","X4_A","X5_A","CV4_B","CV2_A","CV1_B","CV3_B"
"6.615372766593067","X1_D","X2_B","X3_D","X4_A","X5_A","CV4_B","CV2_A","CV1_B","CV3_B"
"6.6235332403746625","X1_D","X2_B","X3_B","X4_A","X5_A","CV4_B","CV2_A","CV1_B","CV3_B"
"6.632785647490764","X1_D","X2_B","X3_E","X4_A","X5_A","CV4_B","CV2_A","CV1_B","CV3_B"
"6.687568480732867","X1_D","X2_B","X3_A","X4_A","X5_A","CV4_B","CV2_A","CV1_B","CV3_B"
"6.742838372785142","X1_D","X2_B","X3_C","X4_A","X5_A","CV4_B","CV2_A","CV1_B","CV3_B"
"6.847098359644256","X1_D","X2_B","X3_E","X4_A","X5_A","CV4_B","CV2_A","CV1_B","CV3_B"
"6.855180857223764","X1_D","X2_B","X3_B","X4_A","X5_A","CV4_B","CV2_A","CV1_B","CV3_B"
"6.88699038470889","X1_D","X2_B","X3_E","X4_A","X5_A","CV4_B","CV2_A","CV1_B","CV3_B"
"6.927767513254615","X1_D","X2_B","X3_D","X4_A","X5_A","CV4_B","CV2_A","CV1_B","CV3_B"
"7.045763028127826","X1_D","X2_B","X3_E","X4_A","X5_A","CV4_B","CV2_A","CV1_B","CV3_B"
"7.18073218299761","X1_D","X2_B","X3_A","X4_A","X5_A","CV4_B","CV2_A","CV1_B","CV3_B"
"7.211112446710969","X1_D","X2_B","X3_E","X4_A","X5_A","CV4_B","CV2_A","CV1_B","CV3_B"
"7.221452390451825","X1_D","X2_B","X3_A","X4_A","X5_A","CV4_B","CV2_A","CV1_B","CV3_B"
"7.223534234367959","X1_D","X2_B","X3_C","X4_A","X5_A","CV4_B","CV2_A","CV1_B","CV3_B"
"7.226182015447871","X1_D","X2_B","X3_E","X4_A","X5_A","CV4_B","CV2_A","CV1_B","CV3_B"
"7.236338569478998","X1_D","X2_B","X3_D","X4_A","X5_A","CV4_B","CV2_A","CV1_B","CV3_B"
"7.23981965822371","X1_D","X2_B","X3_A","X4_A","X5_A","CV4_B","CV2_A","CV1_B","CV3_B"
"7.259059786361742","X1_D","X2_B","X3_B","X4_A","X5_A","CV4_B","CV2_A","CV1_B","CV3_B"
"7.260372271229488","X1_D","X2_B","X3_A","X4_A","X5_A","CV4_B","CV2_A","CV1_B","CV3_B"
"7.261803429045592","X1_D","X2_B","X3_E","X4_A","X5_A","CV4_B","CV2_A","CV1_B","CV3_B"
"7.268191100373326","X1_D","X2_B","X3_D","X4_A","X5_A","CV4_B","CV2_A","CV1_B","CV3_B"
"7.390283070726441","X1_D","X2_B","X3_B","X4_A","X5_A","CV4_B","CV2_A","CV1_B","CV3_B"
"7.468807802217478","X1_D","X2_B","X3_E","X4_A","X5_A","CV4_B","CV2_A","CV1_B","CV3_B"
"7.51961964717205","X1_D","X2_B","X3_B","X4_A","X5_A","CV4_B","CV2_A","CV1_B","CV3_B"
"7.563252759248425","X1_D","X2_B","X3_A","X4_A","X5_A","CV4_B","CV2_A","CV1_B","CV3_B"
"7.568176446429908","X1_D","X2_B","X3_B","X4_A","X5_A","CV4_B","CV2_A","CV1_B","CV3_B"
"7.617218004665906","X1_D","X2_B","X3_D","X4_A","X5_A","CV4_B","CV2_A","CV1_B","CV3_B"
"7.668572644677184","X1_D","X2_B","X3_A","X4_A","X5_A","CV4_B","CV2_A","CV1_B","CV3_B"
"7.669896947707511","X1_D","X2_B","X3_C","X4_A","X5_A","CV4_B","CV2_A","CV1_B","CV3_B"
"7.7104957850287255","X1_D","X2_B","X3_A","X4_A","X5_A","CV4_B","CV2_A","CV1_B","CV3_B"
"7.7749435310327115","X1_D","X2_B","X3_B","X4_A","X5_A","CV4_B","CV2_A","CV1_B","CV3_B"
"7.775756451621891","X1_D","X2_B","X3_A","X4_A","X5_A","CV4_B","CV2_A","CV1_B","CV3_B"
"7.802795716080249","X1_D","X2_B","X3_E","X4_A","X5_A","CV4_B","CV2_A","CV1_B","CV3_B"
"7.813634794871226","X1_D","X2_B","X3_B","X4_A","X5_A","CV4_B","CV2_A","CV1_B","CV3_B"
"7.897850430855549","X1_D","X2_B","X3_C","X4_A","X5_A","CV4_B","CV2_A","CV1_B","CV3_B"
"7.909005764320918","X1_D","X2_B","X3_D","X4_A","X5_A","CV4_B","CV2_A","CV1_B","CV3_B"
"7.97888057173212","X1_D","X2_B","X3_E","X4_A","X5_A","CV4_B","CV2_A","CV1_B","CV3_B"
"8.006504871121708","X1_D","X2_B","X3_B","X4_A","X5_A","CV4_B","CV2_A","CV1_B","CV3_B"
"8.05641720932026","X1_D","X2_B","X3_E","X4_A","X5_A","CV4_B","CV2_A","CV1_B","CV3_B"
"8.086874145956358","X1_D","X2_B","X3_C","X4_A","X5_A","CV4_B","CV2_A","CV1_B","CV3_B"
"8.091861380520996","X1_D","X2_B","X3_D","X4_A","X5_A","CV4_B","CV2_A","CV1_B","CV3_B"
"8.099218795331254","X1_D","X2_B","X3_C","X4_A","X5_A","CV4_B","CV2_A","CV1_B","CV3_B"
"8.278864651757333","X1_D","X2_B","X3_E","X4_A","X5_A","CV4_B","CV2_A","CV1_B","CV3_B"
"8.324863513406497","X1_D","X2_B","X3_B","X4_A","X5_A","CV4_B","CV2_A","CV1_B","CV3_B"
"8.431551538364657","X1_D","X2_B","X3_A","X4_A","X5_A","CV4_B","CV2_A","CV1_B","CV3_B"
"8.458240205897404","X1_D","X2_B","X3_E","X4_A","X5_A","CV4_B","CV2_A","CV1_B","CV3_B"
"8.534645145579253","X1_D","X2_B","X3_B","X4_A","X5_A","CV4_B","CV2_A","CV1_B","CV3_B"
"8.577712065612795","X1_D","X2_B","X3_C","X4_A","X5_A","CV4_B","CV2_A","CV1_B","CV3_B"
"8.586495390615397","X1_D","X2_B","X3_E","X4_A","X5_A","CV4_B","CV2_A","CV1_B","CV3_B"
"8.63635828310184","X1_D","X2_B","X3_C","X4_A","X5_A","CV4_B","CV2_A","CV1_B","CV3_B"
"8.764663059975708","X1_D","X2_B","X3_D","X4_A","X5_A","CV4_B","CV2_A","CV1_B","CV3_B"
"8.884095119825217","X1_D","X2_B","X3_A","X4_A","X5_A","CV4_B","CV2_A","CV1_B","CV3_B"
"8.88813757395548","X1_D","X2_B","X3_E","X4_A","X5_A","CV4_B","CV2_A","CV1_B","CV3_B"
"9.019248747936716","X1_D","X2_B","X3_B","X4_A","X5_A","CV4_B","CV2_A","CV1_B","CV3_B"
"9.04288025015926","X1_D","X2_B","X3_E","X4_A","X5_A","CV4_B","CV2_A","CV1_B","CV3_B"
"9.073145529461296","X1_D","X2_B","X3_D","X4_A","X5_A","CV4_B","CV2_A","CV1_B","CV3_B"
"9.25943652999206","X1_D","X2_A","X3_D","X4_A","X5_A","CV4_B","CV2_A","CV1_B","CV3_B"
"9.26682309814098","X1_D","X2_E","X3_D","X4_A","X5_A","CV4_B","CV2_A","CV1_B","CV3_B"
"9.339159694953063","X1_D","X2_A","X3_D","X4_A","X5_A","CV4_B","CV2_A","CV1_B","CV3_B"
"9.340387703145717","X1_D","X2_E","X3_D","X4_A","X5_A","CV4_B","CV2_A","CV1_B","CV3_B"
"9.357763641241212","X1_D","X2_A","X3_D","X4_A","X5_A","CV4_B","CV2_A","CV1_B","CV3_B"
"9.369401333342363","X1_D","X2_D","X3_D","X4_A","X5_A","CV4_B","CV2_A","CV1_B","CV3_B"
"9.398264018372684","X1_D","X2_B","X3_D","X4_A","X5_A","CV4_B","CV2_A","CV1_B","CV3_B"
"9.414507760408185","X1_D","X2_D","X3_D","X4_A","X5_A","CV4_B","CV2_A","CV1_B","CV3_B"
"9.489466885947092","X1_D","X2_A","X3_D","X4_A","X5_A","CV4_B","CV2_A","CV1_B","CV3_B"
"9.60099517306552","X1_D","X2_C","X3_D","X4_A","X5_A","CV4_B","CV2_A","CV1_B","CV3_B"
"9.632251333213294","X1_D","X2_A","X3_D","X4_A","X5_A","CV4_B","CV2_A","CV1_B","CV3_B"
"9.687088263863977","X1_D","X2_E","X3_D","X4_A","X5_A","CV4_B","CV2_A","CV1_B","CV3_B"
"9.697941320995064","X1_D","X2_C","X3_D","X4_A","X5_A","CV4_B","CV2_A","CV1_B","CV3_B"
"9.754165705733753","X1_D","X2_A","X3_D","X4_A","X5_A","CV4_B","CV2_A","CV1_B","CV3_B"
"9.877205325835373","X1_D","X2_E","X3_D","X4_A","X5_A","CV4_B","CV2_A","CV1_B","CV3_B"
"9.88551095440617","X1_D","X2_A","X3_D","X4_A","X5_A","CV4_B","CV2_A","CV1_B","CV3_B"
"9.885631659724963","X1_D","X2_D","X3_D","X4_A","X5_A","CV4_B","CV2_A","CV1_B","CV3_B"
"9.90001004489848","X1_D","X2_B","X3_D","X4_A","X5_A","CV4_B","CV2_A","CV1_B","CV3_B"
"9.961555948839003","X1_D","X2_C","X3_D","X4_A","X5_A","CV4_B","CV2_A","CV1_B","CV3_B"
"9.98806708209441","X1_D","X2_A","X3_D","X4_A","X5_A","CV4_B","CV2_A","CV1_B","CV3_B"
"10.043408878881571","X1_D","X2_D","X3_D","X4_A","X5_A","CV4_B","CV2_A","CV1_B","CV3_B"
