"t","X1","X2","X3","X4","X5","CV4","CV2","CV1","CV3"
"0.0","X1_D","X2_A","X3_C","X4_D","X5_C","CV4_B","CV2_A","CV1_B","CV3_B"
"8.535012618707175E-5","X1_D","X2_A","X3_D","X4_D","X5_C","CV4_B","CV2_A","CV1_B","CV3_B"
"0.0070141209157416565","X1_D","X2_A","X3_D","X4_B","X5_C","CV4_B","CV2_A","CV1_B","CV3_B"
"0.023883477915628462","X1_D","X2_C","X3_D","X4_B","X5_C","CV4_B","CV2_A","CV1_B","CV3_B"
"0.042974299213118725","X1_D","X2_D","X3_D","X4_B","X5_C","CV4_B","CV2_A","CV1_B","CV3_B"
"0.06462878528007529","X1_D","X2_A","X3_D","X4_B","X5_C","CV4_B","CV2_A","CV1_B","CV3_B"
"0.07354272974712785","X1_D","X2_B","X3_D","X4_B","X5_C","CV4_B","CV2_A","CV1_B","CV3_B"
"0.0774596138428387","X1_D","X2_D","X3_D","X4_B","X5_C","CV4_B","CV2_A","CV1_B","CV3_B"
"0.09423031561723047","X1_D","X2_A","X3_D","X4_B","X5_C","CV4_B","CV2_A","CV1_B","CV3_B"
"0.10901899082932416","X1_D","X2_E","X3_D","X4_B","X5_C","CV4_B","CV2_A","CV1_B","CV3_B"
"0.12013711890694023","X1_D","X2_D","X3_D","X4_B","X5_C","CV4_B","CV2_A","CV1_B","CV3_B"
"0.142501606059664","X1_D","X2_D","X3_D","X4_B","X5_E","CV4_B","CV2_A","CV1_B","CV3_B"
"0.16426877832772452","X1_D","X2_D","X3_D","X4_B","X5_D","CV4_B","CV2_A","CV1_B","CV3_B"
"0.1779684862164039","X1_D","X2_D","X3_D","X4_B","X5_C","CV4_B","CV2_A","CV1_B","CV3_B"
"0.20037182411908688","X1_D","X2_B","X3_D","X4_B","X5_C","CV4_B","CV2_A","CV1_B","CV3_B"
"0.2043652069055595","X1_D","X2_A","X3_D","X4_B","X5_C","CV4_B","CV2_A","CV1_B","CV3_B"
"0.21404838126040512","X1_D","X2_C","X3_D","X4_B","X5_C","CV4_B","CV2_A","CV1_B","CV3_B"
"0.23675584596452826","X1_B","X2_C","X3_D","X4_B","X5_C","CV4_B","CV2_A","CV1_B","CV3_B"
"0.26262533516237524","X1_B","X2_C","X3_B","X4_B","X5_C","CV4_B","CV2_A","CV1_B","CV3_B"
"0.2888811077967293","X1_B","X2_C","X3_B","X4_B","X5_D","CV4_B","CV2_A","CV1_B","CV3_B"
"0.3043364870293582","X1_B","X2_C","X3_B","X4_B","X5_C","CV4_B","CV2_A","CV1_B","CV3_B"
"0.304430045462471","X1_B","X2_C","X3_B","X4_B","X5_E","CV4_B","CV2_A","CV1_B","CV3_B"
"0.35283174849423665","X1_C","X2_C","X3_B","X4_B","X5_E","CV4_B","CV2_A","CV1_B","CV3_B"
"0.35754364946975353","X1_E","X2_C","X3_B","X4_B","X5_E","CV4_B","CV2_A","CV1_B","CV3_B"
"0.41294829256028065","X1_E","X2_D","X3_B","X4_B","X5_E","CV4_B","CV2_A","CV1_B","CV3_B"
"0.46328372231014175","X1_E","X2_B","X3_B","X4_B","X5_E","CV4_B","CV2_A","CV1_B","CV3_B"
"0.4874548957802466","X1_E","X2_C","X3_B","X4_B","X5_E","CV4_B","CV2_A","CV1_B","CV3_B"
"0.570577469673759","X1_E","X2_C","X3_B","X4_B","X5_A","CV4_B","CV2_A","CV1_B","CV3_B"
"0.5736524712281332","X1_E","X2_C","X3_B","X4_B","X5_B","CV4_B","CV2_A","CV1_B","CV3_B"
"0.6687999966746757","X1_C","X2_C","X3_B","X4_B","X5_B","CV4_B","CV2_A","CV1_B","CV3_B"
"0.677534259805407","X1_D","X2_C","X3_B","X4_B","X5_B","CV4_B","CV2_A","CV1_B","CV3_B"
"0.7180209752673954","X1_C","X2_C","X3_B","X4_B","X5_B","CV4_B","CV2_A","CV1_B","CV3_B"
"0.7678043617779072","X1_B","X2_C","X3_B","X4_B","X5_B","CV4_B","CV2_A","CV1_B","CV3_B"
"0.8345574452629279","X1_C","X2_C","X3_B","X4_B","X5_B","CV4_B","CV2_A","CV1_B","CV3_B"
"0.8388817595339016","X1_B","X2_C","X3_B","X4_B","X5_B","CV4_B","CV2_A","CV1_B","CV3_B"
"0.9139638586403243","X1_A","X2_C","X3_B","X4_B","X5_B","CV4_B","CV2_A","CV1_B","CV3_B"
"0.9228451901568887","X1_E","X2_C","X3_B","X4_B","X5_B","CV4_B","CV2_A","CV1_B","CV3_B"
"0.9723215540055156","X1_B","X2_C","X3_B","X4_B","X5_B","CV4_B","CV2_A","CV1_B","CV3_B"
"0.9903848646563257","X1_E","X2_C","X3_B","X4_B","X5_B","CV4_B","CV2_A","CV1_B","CV3_B"
"1.0265286060387862","X1_B","X2_C","X3_B","X4_B","X5_B","CV4_B","CV2_A","CV1_B","CV3_B"
"1.0288818571788394","X1_C","X2_C","X3_B","X4_B","X5_B","CV4_B","CV2_A","CV1_B","CV3_B"
"1.0512244866663558","X1_D","X2_C","X3_B","X4_B","X5_B","CV4_B","CV2_A","CV1_B","CV3_B"
"1.0991349858429074","X1_C","X2_C","X3_B","X4_B","X5_B","CV4_B","CV2_A","CV1_B","CV3_B"
"1.1956690627831275","X1_C","X2_C","X3_B","X4_E","X5_B","CV4_B","CV2_A","CV1_B","CV3_B"
"1.299796092451802","X1_C","X2_C","X3_D","X4_E","X5_B","CV4_B","CV2_A","CV1_B","CV3_B"
"1.3014396812139664","X1_C","X2_C","X3_C","X4_E","X5_B","CV4_B","CV2_A","CV1_B","CV3_B"
"1.4062934384688857","X1_C","X2_B","X3_C","X4_E","X5_B","CV4_B","CV2_A","CV1_B","CV3_B"
"1.468644374634856","X1_C","X2_E","X3_C","X4_E","X5_B","CV4_B","CV2_A","CV1_B","CV3_B"
"1.4830327686183722","X1_C","X2_D","X3_C","X4_E","X5_B","CV4_B","CV2_A","CV1_B","CV3_B"
"1.5981249370319526","X1_C","X2_D","X3_C","X4_C","X5_B","CV4_B","CV2_A","CV1_B","CV3_B"
"1.6201201187628234","X1_C","X2_D","X3_C","X4_D","X5_B","CV4_B","CV2_A","CV1_B","CV3_B"
"1.7035427518554342","X1_C","X2_D","X3_C","X4_C","X5_B","CV4_B","CV2_A","CV1_B","CV3_B"
"1.7145771711468272","X1_C","X2_D","X3_C","X4_A","X5_B","CV4_B","CV2_A","CV1_B","CV3_B"
"1.8357987521019266","X1_C","X2_A","X3_C","X4_A","X5_B","CV4_B","CV2_A","CV1_B","CV3_B"
"1.8562413854484758","X1_C","X2_D","X3_C","X4_A","X5_B","CV4_B","CV2_A","CV1_B","CV3_B"
"1.9875678924402753","X1_C","X2_D","X3_B","X4_A","X5_B","CV4_B","CV2_A","CV1_B","CV3_B"
"2.0234534774622217","X1_C","X2_D","X3_D","X4_A","X5_B","CV4_B","CV2_A","CV1_B","CV3_B"
"2.0815896443690822","X1_C","X2_D","X3_C","X4_A","X5_B","CV4_B","CV2_A","CV1_B","CV3_B"
"2.0850732696086327","X1_C","X2_D","X3_D","X4_A","X5_B","CV4_B","CV2_A","CV1_B","CV3_B"
"2.209235033092928","X1_C","X2_D","X3_E","X4_A","X5_B","CV4_B","CV2_A","CV1_B","CV3_B"
"2.275862351554143","X1_C","X2_D","X3_D","X4_A","X5_B","CV4_B","CV2_A","CV1_B","CV3_B"
"2.314047800347907","X1_C","X2_D","X3_E","X4_A","X5_B","CV4_B","CV2_A","CV1_B","CV3_B"
"2.32619741498372","X1_C","X2_D","X3_C","X4_A","X5_B","CV4_B","CV2_A","CV1_B","CV3_B"
"2.334699032823677","X1_C","X2_D","X3_E","X4_A","X5_B","CV4_B","CV2_A","CV1_B","CV3_B"
"2.4632205734292643","X1_C","X2_D","X3_C","X4_A","X5_B","CV4_B","CV2_A","CV1_B","CV3_B"
"2.4802066683729196","X1_C","X2_D","X3_B","X4_A","X5_B","CV4_B","CV2_A","CV1_B","CV3_B"
"2.5593045704978064","X1_C","X2_D","X3_D","X4_A","X5_B","CV4_B","CV2_A","CV1_B","CV3_B"
"2.561701156845972","X1_C","X2_D","X3_E","X4_A","X5_B","CV4_B","CV2_A","CV1_B","CV3_B"
"2.6766372000153136","X1_C","X2_D","X3_A","X4_A","X5_B","CV4_B","CV2_A","CV1_B","CV3_B"
"2.6968730501672407","X1_C","X2_D","X3_C","X4_A","X5_B","CV4_B","CV2_A","CV1_B","CV3_B"
"2.726900913095037","X1_C","X2_D","X3_D","X4_A","X5_B","CV4_B","CV2_A","CV1_B","CV3_B"
"2.776612976785533","X1_C","X2_D","X3_C","X4_A","X5_B","CV4_B","CV2_A","CV1_B","CV3_B"
"2.7968739682962998","X1_C","X2_D","X3_B","X4_A","X5_B","CV4_B","CV2_A","CV1_B","CV3_B"
"2.931860433796258","X1_A","X2_D","X3_B","X4_A","X5_B","CV4_B","CV2_A","CV1_B","CV3_B"
"2.9393508529698384","X1_C","X2_D","X3_B","X4_A","X5_B","CV4_B","CV2_A","CV1_B","CV3_B"
"2.9816981623108227","X1_B","X2_D","X3_B","X4_A","X5_B","CV4_B","CV2_A","CV1_B","CV3_B"
"2.991550421476976","X1_E","X2_D","X3_B","X4_A","X5_B","CV4_B","CV2_A","CV1_B","CV3_B"
"2.9929981259690184","X1_D","X2_D","X3_B","X4_A","X5_B","CV4_B","CV2_A","CV1_B","CV3_B"
"3.0370690800342586","X1_C","X2_D","X3_B","X4_A","X5_B","CV4_B","CV2_A","CV1_B","CV3_B"
"3.0534366491860094","X1_A","X2_D","X3_B","X4_A","X5_B","CV4_B","CV2_A","CV1_B","CV3_B"
"3.0576357111474004","X1_E","X2_D","X3_B","X4_A","X5_B","CV4_B","CV2_A","CV1_B","CV3_B"
"3.0632844243893107","X1_A","X2_D","X3_B","X4_A","X5_B","CV4_B","CV2_A","CV1_B","CV3_B"
"3.0670411647062865","X1_B","X2_D","X3_B","X4_A","X5_B","CV4_B","CV2_A","CV1_B","CV3_B"
"3.0768003712215974","X1_E","X2_D","X3_B","X4_A","X5_B","CV4_B","CV2_A","CV1_B","CV3_B"
"3.0954943579060377","X1_B","X2_D","X3_B","X4_A","X5_B","CV4_B","CV2_A","CV1_B","CV3_B"
"3.101708582353224","X1_D","X2_D","X3_B","X4_A","X5_B","CV4_B","CV2_A","CV1_B","CV3_B"
"3.167674329132294","X1_C","X2_D","X3_B","X4_A","X5_B","CV4_B","CV2_A","CV1_B","CV3_B"
"3.18526396664709","X1_E","X2_D","X3_B","X4_A","X5_B","CV4_B","CV2_A","CV1_B","CV3_B"
"3.1864714207714844","X1_C","X2_D","X3_B","X4_A","X5_B","CV4_B","CV2_A","CV1_B","CV3_B"
"3.2691605435957","X1_E","X2_D","X3_B","X4_A","X5_B","CV4_B","CV2_A","CV1_B","CV3_B"
"3.303446966202778","X1_B","X2_D","X3_B","X4_A","X5_B","CV4_B","CV2_A","CV1_B","CV3_B"
"3.330370764688781","X1_E","X2_D","X3_B","X4_A","X5_B","CV4_B","CV2_A","CV1_B","CV3_B"
"3.330665707803371","X1_D","X2_D","X3_B","X4_A","X5_B","CV4_B","CV2_A","CV1_B","CV3_B"
"3.4642682584884787","X1_C","X2_D","X3_B","X4_A","X5_B","CV4_B","CV2_A","CV1_B","CV3_B"
"3.5185547746156396","X1_A","X2_D","X3_B","X4_A","X5_B","CV4_B","CV2_A","CV1_B","CV3_B"
"3.5833152001666813","X1_D","X2_D","X3_B","X4_A","X5_B","CV4_B","CV2_A","CV1_B","CV3_B"
"3.7326196081298457","X1_D","X2_D","X3_B","X4_E","X5_B","CV4_B","CV2_A","CV1_B","CV3_B"
"3.7339917087016197","X1_D","X2_D","X3_B","X4_D","X5_B","CV4_B","CV2_A","CV1_B","CV3_B"
"3.775108514698656","X1_D","X2_D","X3_B","X4_A","X5_B","CV4_B","CV2_A","CV1_B","CV3_B"
"3.9290422421703495","X1_E","X2_D","X3_B","X4_A","X5_B","CV4_B","CV2_A","CV1_B","CV3_B"
"3.9566591877898425","X1_A","X2_D","X3_B","X4_A","X5_B","CV4_B","CV2_A","CV1_B","CV3_B"
"4.059239327316772","X1_D","X2_D","X3_B","X4_A","X5_B","CV4_B","CV2_A","CV1_B","CV3_B"
"4.125548644589881","X1_E","X2_D","X3_B","X4_A","X5_B","CV4_B","CV2_A","CV1_B","CV3_B"
"4.163058097302291","X1_C","X2_D","X3_B","X4_A","X5_B","CV4_B","CV2_A","CV1_B","CV3_B"
"4.206220995449226","X1_A","X2_D","X3_B","X4_A","X5_B","CV4_B","CV2_A","CV1_B","CV3_B"
"4.207182865466278","X1_E","X2_D","X3_B","X4_A","X5_B","CV4_B","CV2_A","CV1_B","CV3_B"
"4.210091174502688","X1_D","X2_D","X3_B","X4_A","X5_B","CV4_B","CV2_A","CV1_B","CV3_B"
"4.369405056783639","X1_D","X2_A","X3_B","X4_A","X5_B","CV4_B","CV2_A","CV1_B","CV3_B"
"4.409712761531735","X1_D","X2_E","X3_B","X4_A","X5_B","CV4_B","CV2_A","CV1_B","CV3_B"
"4.457090076388501","X1_D","X2_D","X3_B","X4_A","X5_B","CV4_B","CV2_A","CV1_B","CV3_B"
"4.486700226058191","X1_D","X2_B","X3_B","X4_A","X5_B","CV4_B","CV2_A","CV1_B","CV3_B"
"4.532867882395041","X1_D","X2_A","X3_B","X4_A","X5_B","CV4_B","CV2_A","CV1_B","CV3_B"
"4.567036627474281","X1_D","X2_E","X3_B","X4_A","X5_B","CV4_B","CV2_A","CV1_B","CV3_B"
"4.5780124013017245","X1_D","X2_B","X3_B","X4_A","X5_B","CV4_B","CV2_A","CV1_B","CV3_B"
"4.616460409699004","X1_D","X2_A","X3_B","X4_A","X5_B","CV4_B","CV2_A","CV1_B","CV3_B"
"4.668435756991324","X1_D","X2_E","X3_B","X4_A","X5_B","CV4_B","CV2_A","CV1_B","CV3_B"
"4.705877064499289","X1_D","X2_D","X3_B","X4_A","X5_B","CV4_B","CV2_A","CV1_B","CV3_B"
"4.75563784126915","X1_D","X2_B","X3_B","X4_A","X5_B","CV4_B","CV2_A","CV1_B","CV3_B"
"4.822220575800585","X1_D","X2_C","X3_B","X4_A","X5_B","CV4_B","CV2_A","CV1_B","CV3_B"
"4.98401754625466","X1_E","X2_C","X3_B","X4_A","X5_B","CV4_B","CV2_A","CV1_B","CV3_B"
"5.079522711673822","X1_C","X2_C","X3_B","X4_A","X5_B","CV4_B","CV2_A","CV1_B","CV3_B"
"5.09753275945001","X1_B","X2_C","X3_B","X4_A","X5_B","CV4_B","CV2_A","CV1_B","CV3_B"
"5.10454711196339","X1_D","X2_C","X3_B","X4_A","X5_B","CV4_B","CV2_A","CV1_B","CV3_B"
"5.128544594173554","X1_A","X2_C","X3_B","X4_A","X5_B","CV4_B","CV2_A","CV1_B","CV3_B"
"5.135162179294643","X1_C","X2_C","X3_B","X4_A","X5_B","CV4_B","CV2_A","CV1_B","CV3_B"
"5.176613748510898","X1_B","X2_C","X3_B","X4_A","X5_B","CV4_B","CV2_A","CV1_B","CV3_B"
"5.185393724633466","X1_D","X2_C","X3_B","X4_A","X5_B","CV4_B","CV2_A","CV1_B","CV3_B"
"5.190375072210991","X1_C","X2_C","X3_B","X4_A","X5_B","CV4_B","CV2_A","CV1_B","CV3_B"
"5.2349424540415965","X1_B","X2_C","X3_B","X4_A","X5_B","CV4_B","CV2_A","CV1_B","CV3_B"
"5.240075847297648","X1_A","X2_C","X3_B","X4_A","X5_B","CV4_B","CV2_A","CV1_B","CV3_B"
"5.275715853634145","X1_C","X2_C","X3_B","X4_A","X5_B","CV4_B","CV2_A","CV1_B","CV3_B"
"5.397028734409284","X1_D","X2_C","X3_B","X4_A","X5_B","CV4_B","CV2_A","CV1_B","CV3_B"
"5.437708486126769","X1_E","X2_C","X3_B","X4_A","X5_B","CV4_B","CV2_A","CV1_B","CV3_B"
"5.4533881295725175","X1_C","X2_C","X3_B","X4_A","X5_B","CV4_B","CV2_A","CV1_B","CV3_B"
"5.525241867132295","X1_E","X2_C","X3_B","X4_A","X5_B","CV4_B","CV2_A","CV1_B","CV3_B"
"5.55828019116959","X1_C","X2_C","X3_B","X4_A","X5_B","CV4_B","CV2_A","CV1_B","CV3_B"
"5.63805522420167","X1_E","X2_C","X3_B","X4_A","X5_B","CV4_B","CV2_A","CV1_B","CV3_B"
"5.668269463087028","X1_D","X2_C","X3_B","X4_A","X5_B","CV4_B","CV2_A","CV1_B","CV3_B"
"5.690618465304201","X1_E","X2_C","X3_B","X4_A","X5_B","CV4_B","CV2_A","CV1_B","CV3_B"
"5.740772762114989","X1_A","X2_C","X3_B","X4_A","X5_B","CV4_B","CV2_A","CV1_B","CV3_B"
"5.747471370449895","X1_C","X2_C","X3_B","X4_A","X5_B","CV4_B","CV2_A","CV1_B","CV3_B"
"5.890554250100534","X1_A","X2_C","X3_B","X4_A","X5_B","CV4_B","CV2_A","CV1_B","CV3_B"
"5.896775761679702","X1_E","X2_C","X3_B","X4_A","X5_B","CV4_B","CV2_A","CV1_B","CV3_B"
"5.921446535283088","X1_C","X2_C","X3_B","X4_A","X5_B","CV4_B","CV2_A","CV1_B","CV3_B"
"5.975966476897467","X1_B","X2_C","X3_B","X4_A","X5_B","CV4_B","CV2_A","CV1_B","CV3_B"
"6.027533215267229","X1_A","X2_C","X3_B","X4_A","X5_B","CV4_B","CV2_A","CV1_B","CV3_B"
"6.204204634262427","X1_A","X2_C","X3_D","X4_A","X5_B","CV4_B","CV2_A","CV1_B","CV3_B"
"6.2378202696714","X1_A","X2_C","X3_B","X4_A","X5_B","CV4_B","CV2_A","CV1_B","CV3_B"
"6.241422924713667","X1_A","X2_C","X3_A","X4_A","X5_B","CV4_B","CV2_A","CV1_B","CV3_B"
"6.380904153267097","X1_A","X2_C","X3_D","X4_A","X5_B","CV4_B","CV2_A","CV1_B","CV3_B"
"6.403412840377884","X1_A","X2_C","X3_E","X4_A","X5_B","CV4_B","CV2_A","CV1_B","CV3_B"
"6.456037585616432","X1_A","X2_C","X3_B","X4_A","X5_B","CV4_B","CV2_A","CV1_B","CV3_B"
"6.542979765154442","X1_A","X2_C","X3_C","X4_A","X5_B","CV4_B","CV2_A","CV1_B","CV3_B"
"6.554467760489393","X1_A","X2_C","X3_A","X4_A","X5_B","CV4_B","CV2_A","CV1_B","CV3_B"
"6.559974855918575","X1_A","X2_C","X3_E","X4_A","X5_B","CV4_B","CV2_A","CV1_B","CV3_B"
"6.586453474364691","X1_A","X2_C","X3_C","X4_A","X5_B","CV4_B","CV2_A","CV1_B","CV3_B"
"6.610072227090636","X1_A","X2_C","X3_A","X4_A","X5_B","CV4_B","CV2_A","CV1_B","CV3_B"
"6.653346791019451","X1_A","X2_C","X3_C","X4_A","X5_B","CV4_B","CV2_A","CV1_B","CV3_B"
"6.654101897584137","X1_A","X2_C","X3_B","X4_A","X5_B","CV4_B","CV2_A","CV1_B","CV3_B"
"6.688233046644258","X1_A","X2_C","X3_C","X4_A","X5_B","CV4_B","CV2_A","CV1_B","CV3_B"
"6.718806849977383","X1_A","X2_C","X3_A","X4_A","X5_B","CV4_B","CV2_A","CV1_B","CV3_B"
"6.786165755015856","X1_A","X2_C","X3_E","X4_A","X5_B","CV4_B","CV2_A","CV1_B","CV3_B"
"6.845115995203627","X1_A","X2_C","X3_B","X4_A","X5_B","CV4_B","CV2_A","CV1_B","CV3_B"
"6.853347263728641","X1_A","X2_C","X3_C","X4_A","X5_B","CV4_B","CV2_A","CV1_B","CV3_B"
"6.8622434650655375","X1_A","X2_C","X3_B","X4_A","X5_B","CV4_B","CV2_A","CV1_B","CV3_B"
"6.863045036214641","X1_A","X2_C","X3_A","X4_A","X5_B","CV4_B","CV2_A","CV1_B","CV3_B"
"6.916989925291144","X1_A","X2_C","X3_C","X4_A","X5_B","CV4_B","CV2_A","CV1_B","CV3_B"
"6.958290080802315","X1_A","X2_C","X3_A","X4_A","X5_B","CV4_B","CV2_A","CV1_B","CV3_B"
"7.049724816704516","X1_A","X2_C","X3_E","X4_A","X5_B","CV4_B","CV2_A","CV1_B","CV3_B"
"7.07460161887753","X1_A","X2_C","X3_B","X4_A","X5_B","CV4_B","CV2_A","CV1_B","CV3_B"
"7.0778951696567045","X1_A","X2_C","X3_D","X4_A","X5_B","CV4_B","CV2_A","CV1_B","CV3_B"
"7.102640555723781","X1_A","X2_C","X3_B","X4_A","X5_B","CV4_B","CV2_A","CV1_B","CV3_B"
"7.105101839399086","X1_A","X2_C","X3_E","X4_A","X5_B","CV4_B","CV2_A","CV1_B","CV3_B"
"7.1171999100588135","X1_A","X2_C","X3_D","X4_A","X5_B","CV4_B","CV2_A","CV1_B","CV3_B"
"7.119395059664563","X1_A","X2_C","X3_B","X4_A","X5_B","CV4_B","CV2_A","CV1_B","CV3_B"
"7.132951410659433","X1_A","X2_C","X3_C","X4_A","X5_B","CV4_B","CV2_A","CV1_B","CV3_B"
"7.1616733560504775","X1_A","X2_C","X3_B","X4_A","X5_B","CV4_B","CV2_A","CV1_B","CV3_B"
"7.346914318614032","X1_A","X2_C","X3_B","X4_A","X5_A","CV4_B","CV2_A","CV1_B","CV3_B"
"7.5160281106845455","X1_A","X2_C","X3_B","X4_A","X5_B","CV4_B","CV2_A","CV1_B","CV3_B"
"7.6074981286321774","X1_A","X2_C","X3_B","X4_A","X5_A","CV4_B","CV2_A","CV1_B","CV3_B"
"7.730152113967267","X1_A","X2_C","X3_B","X4_A","X5_E","CV4_B","CV2_A","CV1_B","CV3_B"
"7.733307193613192","X1_A","X2_C","X3_B","X4_A","X5_A","CV4_B","CV2_A","CV1_B","CV3_B"
"7.774523782484028","X1_A","X2_C","X3_B","X4_A","X5_C","CV4_B","CV2_A","CV1_B","CV3_B"
"7.799249965837568","X1_A","X2_C","X3_B","X4_A","X5_D","CV4_B","CV2_A","CV1_B","CV3_B"
"7.809987927887432","X1_A","X2_C","X3_B","X4_A","X5_E","CV4_B","CV2_A","CV1_B","CV3_B"
"7.842002443433092","X1_A","X2_C","X3_B","X4_A","X5_C","CV4_B","CV2_A","CV1_B","CV3_B"
"7.856435886891275","X1_A","X2_C","X3_B","X4_A","X5_D","CV4_B","CV2_A","CV1_B","CV3_B"
"7.857772436417639","X1_A","X2_C","X3_B","X4_A","X5_B","CV4_B","CV2_A","CV1_B","CV3_B"
"7.984607730256144","X1_A","X2_C","X3_B","X4_A","X5_A","CV4_B","CV2_A","CV1_B","CV3_B"
"8.007497289407553","X1_A","X2_C","X3_B","X4_A","X5_E","CV4_B","CV2_A","CV1_B","CV3_B"
"8.063512510006817","X1_A","X2_C","X3_B","X4_A","X5_C","CV4_B","CV2_A","CV1_B","CV3_B"
"8.070793489856662","X1_A","X2_C","X3_B","X4_A","X5_B","CV4_B","CV2_A","CV1_B","CV3_B"
"8.095706712398067","X1_A","X2_C","X3_B","X4_A","X5_A","CV4_B","CV2_A","CV1_B","CV3_B"
"8.09576024370614","X1_A","X2_C","X3_B","X4_A","X5_C","CV4_B","CV2_A","CV1_B","CV3_B"
"8.146039496211795","X1_A","X2_C","X3_B","X4_A","X5_B","CV4_B","CV2_A","CV1_B","CV3_B"
"8.178465094144483","X1_A","X2_C","X3_B","X4_A","X5_E","CV4_B","CV2_A","CV1_B","CV3_B"
"8.197302283555127","X1_A","X2_C","X3_B","X4_A","X5_C","CV4_B","CV2_A","CV1_B","CV3_B"
"8.210054199537053","X1_A","X2_C","X3_B","X4_A","X5_B","CV4_B","CV2_A","CV1_B","CV3_B"
"8.264013107521576","X1_A","X2_C","X3_B","X4_A","X5_A","CV4_B","CV2_A","CV1_B","CV3_B"
"8.27234108731205","X1_A","X2_C","X3_B","X4_A","X5_D","CV4_B","CV2_A","CV1_B","CV3_B"
"8.429257846543377","X1_A","X2_C","X3_B","X4_A","X5_B","CV4_B","CV2_A","CV1_B","CV3_B"
"8.439296388785511","X1_A","X2_C","X3_B","X4_A","X5_A","CV4_B","CV2_A","CV1_B","CV3_B"
"8.449650887171858","X1_A","X2_C","X3_B","X4_A","X5_B","CV4_B","CV2_A","CV1_B","CV3_B"
"8.467860909773917","X1_A","X2_C","X3_B","X4_A","X5_A","CV4_B","CV2_A","CV1_B","CV3_B"
"8.533525015595218","X1_A","X2_C","X3_B","X4_A","X5_C","CV4_B","CV2_A","CV1_B","CV3_B"
"8.603821606543185","X1_A","X2_C","X3_B","X4_A","X5_D","CV4_B","CV2_A","CV1_B","CV3_B"
"8.762281213131583","X1_A","X2_C","X3_B","X4_A","X5_E","CV4_B","CV2_A","CV1_B","CV3_B"
"8.804015669337312","X1_A","X2_C","X3_B","X4_A","X5_D","CV4_B","CV2_A","CV1_B","CV3_B"
"8.903163265902311","X1_A","X2_C","X3_B","X4_A","X5_E","CV4_B","CV2_A","CV1_B","CV3_B"
"8.959293762126716","X1_A","X2_C","X3_B","X4_A","X5_C","CV4_B","CV2_A","CV1_B","CV3_B"
"8.965796870354868","X1_A","X2_C","X3_B","X4_A","X5_E","CV4_B","CV2_A","CV1_B","CV3_B"
"9.013309151570173","X1_A","X2_C","X3_B","X4_A","X5_C","CV4_B","CV2_A","CV1_B","CV3_B"
"9.0447408909427","X1_A","X2_C","X3_B","X4_A","X5_E","CV4_B","CV2_A","CV1_B","CV3_B"
"9.083255590734147","X1_A","X2_C","X3_B","X4_A","X5_A","CV4_B","CV2_A","CV1_B","CV3_B"
"9.153591167467274","X1_A","X2_C","X3_B","X4_A","X5_B","CV4_B","CV2_A","CV1_B","CV3_B"
"9.22502821039766","X1_A","X2_C","X3_B","X4_A","X5_C","CV4_B","CV2_A","CV1_B","CV3_B"
"9.244192665339133","X1_A","X2_C","X3_B","X4_A","X5_B","CV4_B","CV2_A","CV1_B","CV3_B"
"9.289582043796141","X1_A","X2_C","X3_B","X4_A","X5_A","CV4_B","CV2_A","CV1_B","CV3_B"
"9.346101430725273","X1_A","X2_C","X3_B","X4_A","X5_B","CV4_B","CV2_A","CV1_B","CV3_B"
"9.402551081841029","X1_A","X2_C","X3_B","X4_A","X5_A","CV4_B","CV2_A","CV1_B","CV3_B"
"9.518751991324729","X1_A","X2_C","X3_B","X4_A","X5_E","CV4_B","CV2_A","CV1_B","CV3_B"
"9.5201595319732","X1_A","X2_C","X3_B","X4_A","X5_A","CV4_B","CV2_A","CV1_B","CV3_B"
"9.54781819667141","X1_A","X2_C","X3_B","X4_A","X5_B","CV4_B","CV2_A","CV1_B","CV3_B"
"9.615203557211833","X1_A","X2_C","X3_B","X4_A","X5_A","CV4_B","CV2_A","CV1_B","CV3_B"
"9.649108426064553","X1_A","X2_C","X3_B","X4_A","X5_E","CV4_B","CV2_A","CV1_B","CV3_B"
"9.715279101685233","X1_A","X2_C","X3_B","X4_A","X5_A","CV4_B","CV2_A","CV1_B","CV3_B"
"9.800772743552027","X1_A","X2_C","X3_B","X4_A","X5_B","CV4_B","CV2_A","CV1_B","CV3_B"
"9.879484735044127","X1_A","X2_C","X3_B","X4_A","X5_A","CV4_B","CV2_A","CV1_B","CV3_B"
"9.894190477059832","X1_A","X2_C","X3_B","X4_A","X5_B","CV4_B","CV2_A","CV1_B","CV3_B"
"9.98720040896099","X1_A","X2_C","X3_B","X4_A","X5_A","CV4_B","CV2_A","CV1_B","CV3_B"
"10.042113640973863","X1_A","X2_C","X3_B","X4_A","X5_E","CV4_B","CV2_A","CV1_B","CV3_B"
